0.0000011814 	0.0000002990 	0.0000003228 	0.0000003205 	0.0000003269 	0.0000003210 	0.0000003217 	0.0000003267 	0.0000003113 	0.0000003133 	0.0000003080 	0.0000002989 	0.0000002875 	0.0000002904 	0.0000002700
0.0000011897 	0.0000003318 	0.0000003510 	0.0000003511 	0.0000003611 	0.0000003522 	0.0000003526 	0.0000003427 	0.0000003404 	0.0000003332 	0.0000003264 	0.0000003150 	0.0000003084 	0.0000003045 	0.0000002907
0.0000012055 	0.0000003639 	0.0000003857 	0.0000003857 	0.0000003849 	0.0000003878 	0.0000003881 	0.0000003782 	0.0000003728 	0.0000003681 	0.0000003568 	0.0000003455 	0.0000003317 	0.0000003300 	0.0000003186
0.0000011530 	0.0000004028 	0.0000004242 	0.0000004373 	0.0000004358 	0.0000004424 	0.0000004296 	0.0000004267 	0.0000004171 	0.0000004115 	0.0000003943 	0.0000003817 	0.0000003664 	0.0000003257 	0.0000003566
0.0000002929 	0.0000004443 	0.0000004682 	0.0000004739 	0.0000004812 	0.0000004833 	0.0000004815 	0.0000004823 	0.0000004697 	0.0000004633 	0.0000004392 	0.0000004191 	0.0000003982 	0.0000004035 	0.0000003880
0.0000002254 	0.0000004854 	0.0000005087 	0.0000005263 	0.0000005300 	0.0000005357 	0.0000005405 	0.0000005516 	0.0000005407 	0.0000005299 	0.0000005023 	0.0000004772 	0.0000004462 	0.0000004485 	0.0000004360
0.0000002377 	0.0000005359 	0.0000005474 	0.0000005795 	0.0000005884 	0.0000005982 	0.0000006191 	0.0000006347 	0.0000006388 	0.0000006081 	0.0000005823 	0.0000005478 	0.0000005107 	0.0000005121 	0.0000005028
0.0000002571 	0.0000006106 	0.0000006284 	0.0000006568 	0.0000006782 	0.0000007041 	0.0000007111 	0.0000007492 	0.0000007528 	0.0000007439 	0.0000007020 	0.0000006629 	0.0000006252 	0.0000006246 	0.0000005932
0.0000003063 	0.0000007718 	0.0000007899 	0.0000008139 	0.0000008298 	0.0000008599 	0.0000009066 	0.0000009602 	0.0000009909 	0.0000009708 	0.0000009394 	0.0000008786 	0.0000008431 	0.0000008240 	0.0000006991
0.0000003733 	0.0000009808 	0.0000009922 	0.0000010287 	0.0000010288 	0.0000010861 	0.0000011184 	0.0000012124 	0.0000012518 	0.0000012592 	0.0000012310 	0.0000011602 	0.0000011034 	0.0000010887 	0.0000010103
0.0000004741 	0.0000012236 	0.0000012192 	0.0000012578 	0.0000012439 	0.0000012896 	0.0000013587 	0.0000014631 	0.0000015635 	0.0000014247 	0.0000015380 	0.0000014614 	0.0000013994 	0.0000013752 	0.0000012748
0.0000005598 	0.0000014677 	0.0000014674 	0.0000014896 	0.0000014552 	0.0000015196 	0.0000015988 	0.0000017273 	0.0000018641 	0.0000019040 	0.0000018597 	0.0000017801 	0.0000017067 	0.0000016773 	0.0000015299
0.0000006478 	0.0000017246 	0.0000016962 	0.0000016961 	0.0000016763 	0.0000017361 	0.0000018353 	0.0000019870 	0.0000021654 	0.0000022156 	0.0000021711 	0.0000018827 	0.0000020172 	0.0000019733 	0.0000018038
0.0000007247 	0.0000019601 	0.0000019256 	0.0000019019 	0.0000018975 	0.0000019381 	0.0000020354 	0.0000022791 	0.0000024742 	0.0000022636 	0.0000024746 	0.0000023840 	0.0000023132 	0.0000022597 	0.0000020495
0.0000008170 	0.0000021715 	0.0000021342 	0.0000020911 	0.0000020570 	0.0000021118 	0.0000022365 	0.0000024680 	0.0000026966 	0.0000028099 	0.0000027387 	0.0000026618 	0.0000025768 	0.0000025155 	0.0000022772
0.0000008690 	0.0000023565 	0.0000022906 	0.0000022381 	0.0000021957 	0.0000022540 	0.0000023780 	0.0000026779 	0.0000029256 	0.0000029984 	0.0000029614 	0.0000028781 	0.0000027850 	0.0000027184 	0.0000024789
0.0000009069 	0.0000024837 	0.0000023909 	0.0000023642 	0.0000022817 	0.0000023552 	0.0000025299 	0.0000027693 	0.0000030853 	0.0000031672 	0.0000031205 	0.0000030675 	0.0000029326 	0.0000028544 	0.0000025651
0.0000009088 	0.0000025449 	0.0000024220 	0.0000023889 	0.0000023100 	0.0000023757 	0.0000025057 	0.0000028071 	0.0000031591 	0.0000032338 	0.0000031813 	0.0000030873 	0.0000029965 	0.0000029108 	0.0000026051
0.0000009081 	0.0000025465 	0.0000024270 	0.0000023592 	0.0000023106 	0.0000023693 	0.0000022670 	0.0000028417 	0.0000032146 	0.0000033098 	0.0000032204 	0.0000031127 	0.0000030098 	0.0000029282 	0.0000026081
0.0000008872 	0.0000025552 	0.0000024436 	0.0000023494 	0.0000022983 	0.0000023652 	0.0000025147 	0.0000028608 	0.0000032503 	0.0000033124 	0.0000032443 	0.0000031481 	0.0000030229 	0.0000029313 	0.0000026319
0.0000009104 	0.0000025894 	0.0000024587 	0.0000023797 	0.0000023151 	0.0000023726 	0.0000025301 	0.0000028849 	0.0000032766 	0.0000033246 	0.0000032580 	0.0000028486 	0.0000030351 	0.0000029468 	0.0000026363
0.0000009189 	0.0000026255 	0.0000025088 	0.0000023925 	0.0000023305 	0.0000023822 	0.0000025329 	0.0000029168 	0.0000033209 	0.0000033566 	0.0000032806 	0.0000031646 	0.0000030560 	0.0000029733 	0.0000026557
0.0000009260 	0.0000026771 	0.0000025320 	0.0000024350 	0.0000023908 	0.0000024072 	0.0000025638 	0.0000029402 	0.0000033502 	0.0000033742 	0.0000032983 	0.0000031913 	0.0000030760 	0.0000029990 	0.0000026847
0.0000009317 	0.0000027338 	0.0000026215 	0.0000024632 	0.0000023817 	0.0000024602 	0.0000025825 	0.0000029700 	0.0000033431 	0.0000033813 	0.0000033331 	0.0000031904 	0.0000030873 	0.0000030253 	0.0000027057
0.0000009430 	0.0000027635 	0.0000026271 	0.0000025216 	0.0000024459 	0.0000024595 	0.0000026010 	0.0000030011 	0.0000033405 	0.0000033903 	0.0000033317 	0.0000032105 	0.0000031080 	0.0000030506 	0.0000027630
0.0000009534 	0.0000028253 	0.0000027050 	0.0000025192 	0.0000024893 	0.0000024960 	0.0000026168 	0.0000027061 	0.0000033446 	0.0000034010 	0.0000033258 	0.0000032270 	0.0000031025 	0.0000030451 	0.0000027600
0.0000009613 	0.0000028649 	0.0000027104 	0.0000025590 	0.0000024935 	0.0000025052 	0.0000026412 	0.0000030244 	0.0000029767 	0.0000033697 	0.0000033316 	0.0000032042 	0.0000031146 	0.0000030652 	0.0000027919
0.0000009573 	0.0000028752 	0.0000027370 	0.0000025958 	0.0000022570 	0.0000025446 	0.0000026552 	0.0000030333 	0.0000033162 	0.0000033532 	0.0000033081 	0.0000032079 	0.0000031056 	0.0000030495 	0.0000027940
0.0000009406 	0.0000029019 	0.0000027444 	0.0000026368 	0.0000025206 	0.0000025619 	0.0000026779 	0.0000030432 	0.0000030136 	0.0000033243 	0.0000032986 	0.0000032186 	0.0000030866 	0.0000030311 	0.0000028136
0.0000009423 	0.0000028919 	0.0000027542 	0.0000026425 	0.0000025555 	0.0000025562 	0.0000026975 	0.0000030443 	0.0000032718 	0.0000032990 	0.0000033102 	0.0000031706 	0.0000030818 	0.0000029988 	0.0000028044
0.0000009169 	0.0000028670 	0.0000027384 	0.0000026316 	0.0000025654 	0.0000025815 	0.0000027248 	0.0000030424 	0.0000032488 	0.0000032764 	0.0000032321 	0.0000031249 	0.0000027513 	0.0000029749 	0.0000028117
0.0000009136 	0.0000028500 	0.0000027268 	0.0000026552 	0.0000025863 	0.0000025891 	0.0000027414 	0.0000030440 	0.0000032318 	0.0000032344 	0.0000028943 	0.0000031109 	0.0000029995 	0.0000029552 	0.0000027972
0.0000009015 	0.0000027947 	0.0000027040 	0.0000026403 	0.0000025979 	0.0000026331 	0.0000027729 	0.0000031181 	0.0000032152 	0.0000032143 	0.0000031723 	0.0000030911 	0.0000029661 	0.0000029125 	0.0000027665
0.0000008838 	0.0000027747 	0.0000026907 	0.0000026560 	0.0000026105 	0.0000026606 	0.0000027893 	0.0000030284 	0.0000031928 	0.0000031889 	0.0000031375 	0.0000030081 	0.0000029184 	0.0000028844 	0.0000027499
0.0000008672 	0.0000027412 	0.0000023884 	0.0000026532 	0.0000026348 	0.0000026818 	0.0000027874 	0.0000030130 	0.0000031522 	0.0000031511 	0.0000030972 	0.0000029900 	0.0000028902 	0.0000028329 	0.0000027348
0.0000008569 	0.0000027072 	0.0000026363 	0.0000026602 	0.0000026499 	0.0000027025 	0.0000028298 	0.0000029896 	0.0000031038 	0.0000031056 	0.0000030761 	0.0000029317 	0.0000028497 	0.0000027859 	0.0000026970
0.0000008483 	0.0000026757 	0.0000026122 	0.0000026878 	0.0000026507 	0.0000027101 	0.0000027867 	0.0000029472 	0.0000030512 	0.0000030853 	0.0000030351 	0.0000028875 	0.0000027984 	0.0000027671 	0.0000026638
0.0000008319 	0.0000026405 	0.0000025915 	0.0000026606 	0.0000026573 	0.0000027067 	0.0000027509 	0.0000029119 	0.0000030139 	0.0000030189 	0.0000030205 	0.0000028515 	0.0000027671 	0.0000027314 	0.0000026232
0.0000007988 	0.0000023301 	0.0000025563 	0.0000026470 	0.0000026911 	0.0000026928 	0.0000027178 	0.0000029050 	0.0000029586 	0.0000030211 	0.0000029700 	0.0000028150 	0.0000027276 	0.0000027115 	0.0000025770
0.0000008012 	0.0000025500 	0.0000025205 	0.0000026127 	0.0000026241 	0.0000026654 	0.0000026934 	0.0000028295 	0.0000029302 	0.0000029541 	0.0000029707 	0.0000027748 	0.0000026993 	0.0000026392 	0.0000025189
0.0000007745 	0.0000025016 	0.0000024623 	0.0000025716 	0.0000025837 	0.0000026206 	0.0000026488 	0.0000027514 	0.0000028698 	0.0000029144 	0.0000028927 	0.0000027538 	0.0000026555 	0.0000026065 	0.0000024755
0.0000007569 	0.0000024386 	0.0000024242 	0.0000025287 	0.0000025850 	0.0000025764 	0.0000025879 	0.0000026852 	0.0000028066 	0.0000028838 	0.0000028617 	0.0000027195 	0.0000026241 	0.0000025588 	0.0000024084
0.0000007402 	0.0000024041 	0.0000023675 	0.0000024901 	0.0000024766 	0.0000024938 	0.0000025085 	0.0000026376 	0.0000027823 	0.0000028265 	0.0000028265 	0.0000026770 	0.0000025910 	0.0000025010 	0.0000023542
0.0000007122 	0.0000023466 	0.0000023246 	0.0000024157 	0.0000024580 	0.0000024364 	0.0000024272 	0.0000025083 	0.0000026622 	0.0000027476 	0.0000027372 	0.0000026164 	0.0000025252 	0.0000024401 	0.0000022904
0.0000006936 	0.0000022908 	0.0000022685 	0.0000023501 	0.0000023273 	0.0000024240 	0.0000023404 	0.0000024103 	0.0000025427 	0.0000026762 	0.0000026622 	0.0000025410 	0.0000024585 	0.0000023632 	0.0000022097
0.0000006637 	0.0000022209 	0.0000022105 	0.0000022460 	0.0000022526 	0.0000022485 	0.0000022299 	0.0000022892 	0.0000024250 	0.0000025830 	0.0000025506 	0.0000024239 	0.0000023557 	0.0000022647 	0.0000021020
0.0000006249 	0.0000020779 	0.0000020427 	0.0000021052 	0.0000021095 	0.0000020637 	0.0000020608 	0.0000021060 	0.0000022394 	0.0000023748 	0.0000023570 	0.0000022484 	0.0000021764 	0.0000020814 	0.0000019180
0.0000005585 	0.0000018518 	0.0000018235 	0.0000018707 	0.0000018342 	0.0000018389 	0.0000018169 	0.0000018567 	0.0000019894 	0.0000020875 	0.0000021182 	0.0000020356 	0.0000019253 	0.0000018367 	0.0000016840
0.0000004780 	0.0000016026 	0.0000014045 	0.0000016128 	0.0000015751 	0.0000015725 	0.0000015549 	0.0000015778 	0.0000016882 	0.0000018271 	0.0000018195 	0.0000017349 	0.0000016381 	0.0000015599 	0.0000014270
0.0000003901 	0.0000013206 	0.0000012870 	0.0000013196 	0.0000013101 	0.0000012878 	0.0000012741 	0.0000012955 	0.0000013855 	0.0000014791 	0.0000014752 	0.0000013915 	0.0000013506 	0.0000012754 	0.0000011623
0.0000003061 	0.0000010445 	0.0000010257 	0.0000010450 	0.0000010230 	0.0000010182 	0.0000010044 	0.0000010177 	0.0000011015 	0.0000011638 	0.0000011542 	0.0000010918 	0.0000010538 	0.0000009951 	0.0000009089
