0.01294	0.01035	0.00776	0.00518	0.00259	0	-0.00259	-0.00518	-0.00776	-0.01035	-0.01294
0.00748	6.64E-05	2.66E-05	5.31E-05	5.31E-05	9.30E-05	2.66E-05	6.64E-05	3.98E-05	6.64E-05	2.65E-05	5.31E-05	5.19E-05
0.00718	6.64E-05	2.66E-05	7.97E-05	7.97E-05	6.64E-05	3.98E-05	9.30E-05	5.31E-05	9.29E-05	5.31E-05	6.64E-05	6.52E-05
0.00688	7.97E-05	7.97E-05	9.30E-05	6.64E-05	1.06E-04	3.99E-05	1.59E-04	6.64E-05	1.19E-04	6.64E-05	1.46E-04	9.30E-05
0.00659	1.73E-04	6.64E-05	1.86E-04	9.29E-05	2.26E-04	7.97E-05	2.52E-04	7.97E-05	2.39E-04	7.97E-05	2.26E-04	1.55E-04
0.00629	2.92E-04	7.98E-05	2.92E-04	1.19E-04	3.59E-04	1.20E-04	3.98E-04	1.46E-04	3.45E-04	1.33E-04	2.52E-04	2.31E-04
0.00599	5.18E-04	1.73E-04	5.44E-04	2.52E-04	5.85E-04	2.26E-04	5.97E-04	2.79E-04	5.97E-04	2.52E-04	4.65E-04	4.08E-04
0.00569	7.18E-04	3.72E-04	8.37E-04	4.12E-04	9.16E-04	3.85E-04	9.42E-04	4.65E-04	8.77E-04	4.51E-04	7.71E-04	6.50E-04
0.00539	0.00358	6.37E-04	0.00401	7.17E-04	0.00409	6.90E-04	0.00413	7.30E-04	0.00416	7.43E-04	0.00372	0.00247
0.00509	0.02293	0.00511	0.02332	0.00504	0.02333	0.00509	0.02351	0.00515	0.02399	0.00514	0.02381	0.0151
0.00479	0.07669	0.02932	0.07644	0.02815	0.07622	0.02768	0.07651	0.02795	0.07823	0.02879	0.07895	0.055
0.00449	0.16594	0.08818	0.16556	0.08559	0.16482	0.08454	0.16575	0.08519	0.16769	0.08712	0.16911	0.13
0.00419	0.28429	0.17918	0.28416	0.17562	0.28459	0.17435	0.28562	0.17529	0.28717	0.17802	0.28787	0.236
0.00389	0.42212	0.30014	0.42299	0.29552	0.42501	0.29478	0.42602	0.2952	0.42613	0.29742	0.42607	0.366
0.00359	0.55073	0.43663	0.5531	0.43233	0.55663	0.43232	0.55747	0.4315	0.5556	0.43263	0.55361	0.499
0.00329	0.68514	0.56223	0.68755	0.5596	0.69329	0.56027	0.69422	0.55805	0.68999	0.55758	0.68733	0.63
0.00299	0.80715	0.69757	0.80732	0.69579	0.81293	0.69892	0.81502	0.69527	0.80891	0.69225	0.80694	0.758
0.00269	0.90233	0.81502	0.89935	0.81313	0.90573	0.81816	0.90718	0.81295	0.90091	0.80951	0.90076	0.862
0.00239	0.96545	0.9055	0.9595	0.90282	0.96584	0.90877	0.96766	0.90317	0.96041	0.90043	0.96232	0.937
0.0021	0.99243	0.96492	0.98466	0.96089	0.99066	0.96764	0.99224	0.96213	0.98579	0.96032	0.98806	0.977
0.0018	0.99674	0.98847	0.98825	0.98469	0.99464	0.99169	0.99706	0.98584	0.98993	0.98364	0.99134	0.99
0.0015	0.99752	0.99346	0.98891	0.98979	0.99528	0.9978	0.99787	0.99198	0.9903	0.98914	0.99195	0.993
0.0012	0.99766	0.99538	0.98891	0.9915	0.99596	1.00036	0.99834	0.99356	0.9902	0.99012	0.99241	0.994
9.00E-04	0.99878	0.99705	0.98998	0.99307	0.99697	1.00249	0.99953	0.99569	0.9904	0.99251	0.99235	0.995
6.00E-04	0.99776	0.99631	0.98902	0.99291	0.99595	1.00267	0.99883	0.99565	0.98928	0.99242	0.99217	0.995
3.00E-04	0.99766	0.99487	0.98823	0.9919	0.99535	1.00137	0.99881	0.99401	0.98948	0.99149	0.99135	0.994
0	0.99741	0.99326	0.9884	0.99029	0.99447	0.99968	0.99787	0.99305	0.98947	0.98943	0.99119	0.993
3.00E-04	0.99875	0.99359	0.9894	0.99108	0.99636	1.00053	0.99944	0.99381	0.99072	0.98981	0.99243	0.994
6.00E-04	0.99995	0.99407	0.99085	0.99113	0.99757	1.00086	1.00097	0.9941	0.9916	0.99013	0.99333	0.995
9.00E-04	1.00096	0.99443	0.99124	0.99162	0.99826	1.00109	1.00073	0.99467	0.99194	0.99118	0.99477	0.996
-0.0012	0.99964	0.9933	0.98982	0.99136	0.99641	1.00072	0.99823	0.9937	0.9904	0.99094	0.99275	0.994
-0.0015	0.9989	0.99298	0.98779	0.99105	0.99416	0.99988	0.99652	0.99429	0.9887	0.99027	0.99137	0.993
-0.0018	0.99392	0.99172	0.98184	0.9907	0.98858	0.99904	0.991	0.99304	0.983	0.99045	0.98691	0.99
-0.0021	0.97065	0.98736	0.95932	0.98643	0.96545	0.99444	0.96683	0.98899	0.95994	0.98683	0.96278	0.975
-0.00239	0.91039	0.96116	0.90042	0.96142	0.90692	0.96945	0.90747	0.96394	0.90111	0.96126	0.90213	0.931
-0.00269	0.81882	0.89948	0.81039	0.90178	0.81596	0.90963	0.81692	0.90425	0.81029	0.90063	0.81008	0.854
-0.00299	0.69985	0.8069	0.69317	0.80959	0.69859	0.81623	0.69768	0.81171	0.69256	0.80808	0.69198	0.748
-0.00329	0.56415	0.68641	0.55944	0.68983	0.56083	0.69512	0.56008	0.69183	0.55746	0.68912	0.55696	0.619
-0.00359	0.43877	0.55226	0.43342	0.55418	0.43299	0.55753	0.43201	0.55669	0.43203	0.55516	0.43347	0.489
-0.00389	0.30298	0.42353	0.29739	0.42413	0.29532	0.42626	0.29434	0.42637	0.29635	0.42656	0.29879	0.356
-0.00419	0.18219	0.28505	0.17771	0.28367	0.17481	0.28509	0.17451	0.28636	0.1768	0.2884	0.17904	0.227
-0.00449	0.08991	0.16605	0.08678	0.16417	0.08487	0.16548	0.08485	0.16669	0.08612	0.16912	0.08809	0.123
-0.00479	0.02979	0.07706	0.02875	0.07627	0.02786	0.07635	0.02775	0.07747	0.02831	0.07913	0.02866	0.0507
-0.00509	0.00509	0.0234	0.00513	0.02343	0.0051	0.02341	0.00512	0.02371	0.00507	0.02425	0.00484	0.0135
-0.00539	6.11E-04	0.0039	6.64E-04	0.00408	7.04E-04	0.00413	7.57E-04	0.00415	7.17E-04	0.00406	6.24E-04	0.00222
-0.00569	3.59E-04	7.83E-04	3.59E-04	8.89E-04	3.98E-04	8.89E-04	4.38E-04	8.90E-04	3.98E-04	9.16E-04	3.45E-04	6.06E-04
-0.00599	1.86E-04	4.91E-04	2.12E-04	5.71E-04	2.26E-04	6.37E-04	2.26E-04	6.24E-04	2.52E-04	5.44E-04	1.99E-04	3.79E-04
-0.00629	1.06E-04	2.39E-04	9.30E-05	3.32E-04	1.46E-04	2.79E-04	1.46E-04	3.72E-04	1.46E-04	3.05E-04	1.20E-04	2.08E-04
-0.00659	5.32E-05	1.46E-04	7.97E-05	2.39E-04	7.97E-05	1.99E-04	1.06E-04	1.73E-04	1.06E-04	1.99E-04	7.97E-05	1.33E-04
-0.00688	2.66E-05	9.30E-05	5.31E-05	1.20E-04	7.97E-05	9.30E-05	7.97E-05	9.30E-05	6.64E-05	1.06E-04	5.31E-05	7.85E-05
-0.00718	3.99E-05	5.31E-05	2.66E-05	7.96E-05	5.31E-05	7.96E-05	6.64E-05	7.98E-05	3.99E-05	5.31E-05	6.63E-05	5.79E-05
-0.00748	3.98E-05	6.64E-05	2.65E-05	5.31E-05	5.31E-05	3.98E-05	6.64E-05	7.97E-05	5.31E-05	2.66E-05	7.97E-05	5.31E-05