



#Current date & time is : Mon Aug 11 16:00:01 2014


#IL system parameters : 
#Illumination mode :	0
#Sigma outer :	0.85
#Sigma inner :	0.35
#VA transmission :	0
#VA angle(degree) :	0



Scanning parameters :	
Z_scanning_cnt :	11
Z_scanning_start_position(mm) :	0
Z_scanning_step(mm) :	1
Z_scanning_range(mm) :	10
Sampling_cnt :	20



The 0 group data, (x, y, z) :	0	0.0232	0
_Ophir energy:	6.96	7.07	7.07	6.73	6.62	7.07	6.62	6.28	7.41	5.94	5.94	6.39	6.39	7.3	6.51	7.07	6.62	6.73	6.62	5.94	
_EDU energy:	2.89648	2.84841	2.83958	2.81804	2.818	2.74074	2.75305	2.79216	2.89814	2.78727	2.65662	2.72584	2.71664	2.77056	2.79358	2.82266	2.72059	2.80138	2.81396	2.65305	
_Ophir/EDU ratio:	2.40292	2.48209	2.48981	2.38818	2.34918	2.57959	2.4046	2.24916	2.55682	2.13112	2.23592	2.34423	2.35217	2.63485	2.33034	2.50473	2.4333	2.40238	2.35256	2.23894	


The 1 group data, (x, y, z) :	0	0.0232	1
_Ophir energy:	7.19	7.19	6.73	6.73	6.85	6.51	6.96	6.39	6.17	6.28	7.07	7.3	6.96	6.51	6.28	6.73	6.85	6.62	6.51	6.73	
_EDU energy:	2.86107	2.80822	2.87479	2.77607	2.85936	2.82626	2.78016	2.87253	2.7501	2.79549	2.83911	2.69943	2.8225	2.77949	2.85489	2.81086	2.8513	2.84374	2.70763	2.80175	
_Ophir/EDU ratio:	2.51304	2.56034	2.34104	2.42429	2.39564	2.30339	2.50346	2.22452	2.24355	2.24647	2.49021	2.70427	2.4659	2.34216	2.19973	2.39429	2.40242	2.32792	2.40432	2.40207	


The 2 group data, (x, y, z) :	0	0.0232	2
_Ophir energy:	6.73	6.73	7.07	6.96	6.73	6.51	7.19	6.96	6.85	6.85	7.19	6.73	6.96	7.19	7.41	6.85	6.39	6.85	6.85	6.17	
_EDU energy:	2.87306	2.80933	2.89404	2.85854	2.84309	2.85016	2.87951	2.8201	2.80646	2.81333	2.90188	2.90308	2.88074	2.8224	2.90278	2.89448	2.68646	2.80301	2.77476	2.73698	
_Ophir/EDU ratio:	2.34245	2.39559	2.44296	2.43481	2.36714	2.28408	2.49695	2.468	2.4408	2.43484	2.4777	2.31823	2.41605	2.54748	2.55272	2.36657	2.3786	2.4438	2.46868	2.25431	


The 3 group data, (x, y, z) :	0	0.0232	3
_Ophir energy:	6.17	0.06	0.06	6.85	6.51	7.07	6.62	6.85	7.07	6.28	6.73	6.62	6.51	6.39	5.94	6.85	7.41	6.62	6.51	7.07	
_EDU energy:	1.77598	1.83813	1.74798	2.91165	2.82301	2.88671	2.78863	2.76577	2.86133	2.81527	2.73359	2.81671	2.72572	2.80777	2.75595	2.78626	2.90245	2.84553	2.92087	2.90971	
_Ophir/EDU ratio:	3.47414	0.0326418	0.0343252	2.35262	2.30605	2.44915	2.37393	2.47671	2.47088	2.23069	2.46196	2.35026	2.38836	2.27583	2.15534	2.45849	2.55301	2.32646	2.22878	2.4298	


The 4 group data, (x, y, z) :	0	0.0232	4
_Ophir energy:	6.96	6.73	7.19	6.73	6.96	6.62	6.96	6.85	5.72	6.85	7.07	7.07	7.53	7.3	6.73	6.96	6.85	7.41	7.86	7.53	
_EDU energy:	2.86151	2.86303	2.85558	2.95343	2.86895	3.09283	2.51822	2.98221	2.87959	3.01513	2.93744	3.0846	2.99823	3.02499	2.98464	3.36843	3.02989	3.61863	4.12721	3.6983	
_Ophir/EDU ratio:	2.43228	2.35066	2.51788	2.27871	2.42598	2.14043	2.76386	2.29696	1.9864	2.27187	2.40685	2.29203	2.51148	2.41323	2.25488	2.06624	2.26081	2.04774	1.90443	2.03607	


The 5 group data, (x, y, z) :	0	0.0232	5
_Ophir energy:	6.85	7.53	8.2	7.64	8.43	8.32	8.09	7.98	8.54	8.32	9	9.56	9	8.54	8.66	9.67	9.33	9.79	11.37	9.79	
_EDU energy:	2.97027	3.41909	3.80444	3.71363	4.41424	4.97659	4.25519	4.68523	5.38074	4.91692	4.76041	5.73188	6.0059	5.54366	5.05014	6.69153	5.85314	6.36498	6.98816	6.30559	
_Ophir/EDU ratio:	2.30619	2.20234	2.15538	2.05729	1.90973	1.67183	1.90121	1.70323	1.58714	1.69212	1.89059	1.66786	1.49853	1.5405	1.71481	1.44511	1.59402	1.5381	1.62704	1.55259	


The 6 group data, (x, y, z) :	0	0.0232	6
_Ophir energy:	8.77	10.69	9.67	10.58	10.13	10.58	10.92	10.35	10.47	11.03	9.67	10.92	10.58	11.26	10.13	10.58	11.03	10.35	9.56	9.79	
_EDU energy:	5.42094	7.03981	6.46166	6.83244	6.58331	6.42492	6.85646	6.68574	6.66418	6.50879	6.22333	7.11258	6.8397	6.89612	6.41418	6.80826	6.66602	5.14606	6.00862	5.7534	
_Ophir/EDU ratio:	1.6178	1.51851	1.49652	1.5485	1.53874	1.64671	1.59266	1.54807	1.57108	1.69463	1.55383	1.53531	1.54685	1.6328	1.57931	1.55399	1.65466	2.01125	1.59105	1.7016	


The 7 group data, (x, y, z) :	0	0.0232	7
_Ophir energy:	11.6	10.58	0	11.37	10.24	10.92	11.03	10.58	11.03	10.24	10.24	10.24	9.79	9.33	9.9	7.41	8.09	9.11	7.07	8.09	
_EDU energy:	7.46696	6.66638	6.75956	7.03363	6.18201	6.64122	6.53806	6.43822	6.66763	6.25145	6.15213	6.16489	5.88165	5.51577	5.62678	3.90566	4.91307	4.79025	3.67948	3.82985	
_Ophir/EDU ratio:	1.55351	1.58707	0	1.61652	1.65642	1.64428	1.68705	1.64331	1.65426	1.63802	1.66446	1.66102	1.6645	1.69151	1.75944	1.89725	1.64663	1.90178	1.92147	2.11236	


The 8 group data, (x, y, z) :	0	0.0232	8
_Ophir energy:	9.56	8.09	6.96	7.3	7.64	7.3	6.96	6.85	6.62	7.3	6.05	6.28	6.85	6.39	6.85	6.51	6.62	6.51	6.62	6.62	
_EDU energy:	5.2613	4.10886	3.09137	3.52328	3.66564	3.06746	2.93474	3.05506	2.83605	3.04167	2.85064	2.79611	2.72318	2.82434	2.86592	2.82169	2.85862	2.72791	2.79852	2.84534	
_Ophir/EDU ratio:	1.81704	1.96892	2.25143	2.07193	2.08422	2.37982	2.37159	2.24218	2.33424	2.4	2.12233	2.24598	2.51544	2.26247	2.39016	2.30713	2.3158	2.38644	2.36554	2.32661	


The 9 group data, (x, y, z) :	0	0.0232	9
_Ophir energy:	7.07	6.73	6.62	6.51	6.73	7.07	7.07	6.73	6.73	6.39	7.07	6.73	5.83	6.51	6.73	6.05	6.62	6.28	6.51	6.62	
_EDU energy:	2.90844	2.84582	2.76938	2.8046	2.78068	2.74953	2.78367	2.89123	2.83906	2.92444	2.69022	2.84621	2.6597	2.71899	2.7195	2.56837	2.76666	2.74623	2.69807	2.726	
_Ophir/EDU ratio:	2.43086	2.36487	2.39043	2.32118	2.42027	2.57134	2.53982	2.32773	2.3705	2.18504	2.62803	2.36455	2.19198	2.39427	2.47472	2.35558	2.39278	2.28677	2.41283	2.42847	


The 10 group data, (x, y, z) :	0	0.0232	10
_Ophir energy:	6.62	7.19	6.73	6.62	6.28	6.73	6.73	6.96	6.73	6.96	6.62	6.73	6.28	6.85	7.3	6.17	6.28	6.51	6.39	6.85	
_EDU energy:	2.85581	2.81805	2.75946	2.81497	2.73163	2.76009	2.76748	2.74339	2.81289	2.68857	2.75048	2.70629	2.79943	2.81002	2.70696	2.75196	2.61605	2.72274	2.71841	2.73032	
_Ophir/EDU ratio:	2.31808	2.55141	2.43888	2.35171	2.29899	2.43833	2.43182	2.53701	2.39256	2.58874	2.40685	2.4868	2.24331	2.43771	2.69675	2.24204	2.40057	2.39098	2.35064	2.50886
