2026184 -0.5 0 2.3452313 
2026194 -0.5 0 2.3452668 
2026204 0.05078125 0 -35.07851 
2026214 -0.5 0 -88.208923 
2026224 0.859375 0 -18.479618 
2026234 -0.5 0 2.3453846 
2026244 -0.5 0 2.3454459 
2026254 -0.5 0 2.3454814 
2026264 -0.5 0 2.3454919 
2026274 -0.5 0 2.345499 
2026284 -0.5 0 2.345499 
2026294 0.5 0 -65.601303 
2026304 -0.5 0 2.3455417 
2026314 -0.5 0 2.3455486 
2026324 0.5 0 -4.7564354 
2026334 -0.5 0 2.3455558 
2026344 -0.5 0 2.3455913 
2026354 -0.5 0 2.3456268 
2026364 -0.5 0 2.3456624 
2026374 0.5 0 -4.7562938 
2026384 -0.5 0 2.3456979 
2026394 -0.5 0 2.345742 
2026404 -0.5 0 2.3457775 
2026414 -0.5 0 2.3458128 
2026424 -0.5 0 2.3458483 
2026434 0.09375 0 -3.2969739 
2026444 -0.5 0 2.3458898 
2026454 -0.5 0 2.3459253 
2026464 -0.5 0 2.3459609 
2026474 -0.5 0 2.3459964 
2026484 0.5 0 -4.7560019 
2026494 -0.5 0 2.3459892 
2026504 -0.5 0 -88.921272 
2026514 -0.5 0 2.3460531 
2026524 -0.5 0 2.3460886 
2026534 -0.5 0 2.3461242 
2026544 -2 0 38.668026 
2026554 -0.5 0 93.375771 
2026564 -0.5 0 2.346194 
2026574 -0.5 0 2.3461683 
2026584 -0.5 0 2.3462038 
2026594 -0.5 0 2.3462393 
2026604 -0.5 0 2.3463066 
2026614 0.203125 0 -8.8267946 
2026624 -0.5 0 2.346359 
2026634 -0.5 0 2.3463945 
2026644 -0.5 0 2.3464301 
2026654 -0.5 0 2.3464656 
2026664 -0.5 0 2.3464727 
2026674 -0.5 0 2.3465083 
2026684 -0.5 0 2.3465436 
2026694 -0.5 0 2.3465436 
2026704 0.5 0 -4.7553983 
2026714 -0.5 0 2.3465862 
2026724 0.5 0 -4.7553625 
2026734 -0.5 0 2.3466218 
2026744 -0.5 0 2.3466289 
2026754 -0.5 0 2.3466361 
2026764 0.5 0 -4.7553201 
2026774 0.5 0 -4.7553201 
2026784 -1.09375 0 42.690105 
2026794 -0.5 0 2.3467295 
2026804 -1.05859375 0 40.301414 
2026814 0.99609375 0 -8.2784233 
2026824 0.5 0 -4.7551732 
2026834 -0.5 0 2.3467972 
2026844 0.5 0 -4.755187 
2026854 0.5 0 -65.600021 
2026864 -0.5 0 2.3468113 
2026874 -0.5 0 2.3468184 
2026884 -0.5 0 2.3468256 
2026894 -0.5 0 2.3468611 
2026904 -0.5 0 2.3468966 
2026914 -1.07421875 0 8.3264256 
2026924 -0.5 0 2.346988 
2026934 -0.5 0 2.3470235 
2026944 -0.5 0 2.347059 
2026954 -0.5 0 2.3471301 
2026964 -0.5 0 2.3471656 
2026974 -0.5 0 2.3471632 
2026984 -1.72265625 0 19.111454 
2026994 -0.5 0 2.3472722 
2027004 0.36328125 0 -8.0618677 
2027014 -0.5 0 2.3473072 
2027024 -0.5 0 2.3473427 
2027034 -0.5 0 2.3473356 
2027044 -1.6875 0 36.925217 
2027054 -0.5 0 2.3473921 
2027064 -1.5 0 70.294281 
2027074 -0.5 0 2.3474987 
2027084 -0.5 0 2.3475626 
2027094 -0.5 0 2.3475749 
2027104 -0.5 0 2.3475821 
2027114 0.5 0 -4.754374 
2027124 -0.5 0 2.3476174 
2027134 -0.5 0 2.3476174 
2027144 -0.5 0 63.19249 
2027154 0.5 0 -4.7543244 
2027164 -0.5 0 2.3476601 
2027174 0.5 0 -4.7542887 
2027184 -0.5 0 2.3476956 
2027194 -0.5 0 2.3477311 
2027204 -1.6953125 0 39.833206 
2027214 -0.5 0 2.3478158 
2027224 -0.5 0 2.3478513 
2027234 -0.5 0 2.3478868 
2027244 -0.5 0 2.3479223 
2027254 -0.5 0 2.3479578 
2027264 -0.5 0 2.3479934 
2027274 0.15625 0 -3.2633767 
2027284 -0.5 0 2.3480134 
2027294 -0.5 0 2.3480701 
2027304 -0.5 0 2.3481057 
2027314 -0.5 0 2.3481238 
2027324 -0.5 0 -51.604099 
2027334 -0.5 0 2.3482194 
2027344 -0.5 0 2.3482549 
2027354 0.0234375 0 -33.217632 
2027364 -0.5 0 2.3483 
2027374 0.5 0 -4.7536488 
2027384 -0.5 0 2.3483427 
2027394 -1.0390625 0 38.975967 
2027404 -0.5 0 2.3484313 
2027414 0.28515625 0 -7.9812078 
2027424 -0.5 0 2.3484836 
2027434 -0.5 0 2.3485191 
2027444 -0.5 0 2.3485544 
2027454 -0.5 0 2.3485899 
2027464 -0.5 0 2.3486254 
2027474 -1.10546875 0 7.8370776 
2027484 -0.5 0 2.3487203 
2027494 -0.5 0 2.3487558 
2027504 0.015625 0 -32.686295 
2027514 -0.5 0 2.3488061 
2027524 -0.5 0 2.3488417 
2027534 -0.5 0 2.3488417 
2027544 -0.5 0 2.348877 
2027554 -0.5 0 2.3489125 
2027564 0.5 0 -65.597885 
2027574 0.5 0.0624863256531526801 -11.209102 
2027584 7.3515625 1.15476159904749398 -10.728786 
2027594 10.6171875 4.16433841935978943 14.115005 
2027604 15.6875 9.13412099934460109 -14.364319 
2027614 22.2265625 16.0641093390019236 17.68869 
2027624 31.53515625 24.9543034383317917 1.687734 
2027634 42.12890625 35.8047032973341999 14.486137 
2027644 55.06640625 48.615308916009127 8.8740749 
2027654 69.109375 63.3861202943565587 23.355173 
2027664 85.8515625 80.1171374323764098 18.089657 
2027674 104.63671875 98.8083603300687514 22.694065 
2027684 124.87109375 119.459788987433612 28.550751 
2027694 148.25 142.07142340447092 12.68658 
2027704 172.40234375 166.643263581180776 0.021922156 
2027714 198.75 193.175309517563107 14.683954 
2027724 227.1875 221.667561213618001 14.64015 
2027734 257.3984375 252.12001866934537 13.070641 
2027744 289.74609375 284.532681884745216 25.458782 
2027754 324.87890625 318.905550859817538 10.359694 
2027764 360.78125 355.238625594562393 18.690262 
2027774 398.8359375 393.531906088979724 15.198589 
2027784 439.09765625 433.785392343069589 12.33073 
2027794 480.8046875 475.945201196732569 23.589119 
2027804 523.97265625 519.051125409828046 16.277258 
2027814 565.86328125 561.399082642738563 29.363276 
2027824 606.1796875 601.880862409530664 13.381748 
2027834 644.99609375 640.402436416650175 19.325413 
2027844 681.16015625 676.963804664097211 17.587839 
2027854 716.046875 711.56496715187177 1.4936129 
2027864 748.453125 744.205923879973739 16.426905 
2027874 779.16015625 774.886674848403345 7.8782439 
2027884 807.9453125 803.607220057160248 18.309053 
2027894 834.73828125 830.367559506244561 5.6748157 
2027904 859.3515625 855.167693195656284 9.3352127 
2027914 882.546875 878.007621125395531 14.135833 
2027924 903.34765625 898.887343295462301 20.119604 
2027934 922.44140625 917.806859705856596 11.470865 
2027944 939.32421875 934.766170356578414 11.020053 
2027954 953.94921875 949.765275247627642 6.7409616 
2027964 967.1328125 962.804174379004394 9.4727688 
2027974 979.08984375 973.88286775070867 5.8058481 
2027984 987.671875 983.001355362740469 11.711392 
2027994 994.23828125 990.159637215099792 22.526371 
2028004 999.64453125 995.357713307786526 15.062653 
2028014 1003.31640625 998.595583640800783 -10.166781 
2028024 1004.796875 999.893606656276461 2.7814093 
2028034 1004.5 1000 -33.177414 
2028044 999.19921875 1000 40.595016 
2028054 998 1000 12.985307 
2028064 998 1000 12.985449 
2028074 998 1000 12.985591 
2028084 996.5703125 1000 33.121712 
2028094 997.5 1000 16.536905 
2028104 997.5 1000 16.537085 
2028114 997.5 1000 16.537262 
2028124 998.5 1000 9.435462 
2028134 998.5 1000 9.4356031 
2028144 997.5 1000 16.537737 
2028154 998.5 1000 9.4359369 
2028164 997.5 1000 77.382881 
2028174 998.5 1000 9.4361858 
2028184 997.5 1000 16.538292 
2028194 997.5 1000 16.53842 
2028204 998.5 1000 9.4365768 
2028214 997.5 1000 16.538717 
2028224 998.5 1000 9.436903 
2028234 997.5 1000 16.539043 
2028244 997.5 1000 16.539221 
2028254 997.5 1000 16.539398 
2028264 998.5 1000 9.4375925 
2028274 997.5 1000 16.539719 
2028284 996.84375 1000 25.241051 
2028294 997.5 1000 16.540096 
2028304 998.99609375 1000 0.92388034 
2028314 997.5 1000 16.54043 
2028324 997.5 1000 16.540571 
2028334 997.5 1000 16.540751 
2028344 998.5 1000 9.4389496 
2028354 997.5 1000 16.541077 
2028364 997.5 1000 16.541233 
2028374 998.5 1000 9.4394188 
2028384 998.5 1000 9.4395533 
2028394 997.5 1000 16.541645 
2028404 998.5 1000 9.4398022 
2028414 997.5 1000 16.541935 
2028424 997.5 1000 16.542112 
2028434 997.5 1000 16.542269 
2028444 998.5 1000 9.4404697 
2028454 997.5 1000 16.542603 
2028464 997.5 1000 16.542753 
2028474 997.5 1000 16.542902 
2028484 998.5 1000 -51.403755 
2028494 998.5 1000 9.4412508 
2028504 997.5 1000 77.388191 
2028514 998.5 1000 9.4415283 
2028524 997.5 1000 16.543653 
2028534 997.5 1000 16.543833 
2028544 997.5 1000 16.54401 
2028554 997.5 1000 16.544167 
2028564 997.5 1000 16.544344 
2028574 997.5 1000 16.544535 
2028584 998.0625 1000 -21.675383 
2028594 997.5 1000 16.54487 
2028604 996.7109375 1000 26.902464 
2028614 998.99609375 1000 5.4446445 
2028624 997.5 1000 16.545364 
2028634 997.5 1000 16.545513 
2028644 998.5 1000 9.4436998 
2028654 998.5 1000 -51.400993 
2028664 997.5 1000 16.545954 
2028674 997.5 1000 16.546131 
2028684 998.5 1000 9.4443035 
2028694 998.5 1000 -51.400391 
2028704 998.5 1000 9.4445801 
2028714 998.5 1000 9.4447222 
2028724 997.5 1000 16.546856 
2028734 997.5 1000 16.547033 
2028744 998.5 1000 9.4452333 
2028754 997.5 1000 16.547354 
2028764 997.5 1000 16.547503 
2028774 997.5 1000 16.54768 
2028784 996 1000 51.205997 
2028794 997.5 1000 16.547998 
2028804 997.5 1000 16.548176 
2028814 997.5 1000 16.548355 
2028824 997.5 1000 16.548532 
2028834 997.5 1000 77.393539 
2028844 998.5 1000 9.4468384 
2028854 997.5 1000 16.548944 
2028864 997.5 1000 16.549093 
2028874 997.5 1000 16.549271 
2028884 997.5 1000 16.549448 
2028894 996.71484375 1000 69.898476 
2028904 997.5 1000 16.549801 
2028914 997.5 1000 16.549915 
2028924 997.5 1000 16.550056 
2028934 997.5 1000 16.550213 
2028944 997.5 1000 16.55039 
2028954 997.5 1000 16.550568 
2028964 997.5 1000 16.550745 
2028974 997.5 1000 16.550896 
2028984 997.5 1000 16.551044 
2028994 997.5 1000 16.551222 
2029004 997.5 1000 16.551399 
2029014 997.5 1000 16.551577 
2029024 997.5 1000 16.551754 
2029034 998.5 1000 9.4499397 
2029044 997.5 1000 16.552101 
2029054 997.5 1000 16.552279 
2029064 998.37890625 1000 -8.4658365 
2029074 998.5 1000 9.4506521 
2029084 998.5 1000 9.4507942 
2029094 998.5 1000 9.4509439 
2029104 997.5 1000 16.553078 
2029114 998.5 1000 9.4512777 
2029124 997.5 1000 16.553404 
2029134 997.5 1000 16.553539 
2029144 997.5 1000 16.553696 
2029154 996.79296875 1000 64.594376 
2029164 998.09375 1000 -23.789406 
2029174 997.5 1000 16.554167 
2029184 997.5 1000 16.554316 
2029194 997.5 1000 16.554457 
2029204 997.5 1000 16.5546 
2029214 998.5 1000 9.4527855 
2029224 997.5 1000 16.554926 
2029234 997.5 1000 16.555103 
2029244 997.5 1000 16.555281 
2029254 997.5 1000 16.555429 
2029264 997.5 1000 16.555607 
2029274 996.72265625 1000 25.641603 
2029284 997.5 1000 16.555998 
2029294 997.5 1000 16.556177 
2029304 997.5 1000 77.401169 
2029314 997.5 1000 16.556482 
2029324 998.5 1000 9.4546824 
2029334 997.5 1000 16.556801 
2029344 998.5 1000 -51.389854 
2029354 998.5 1000 -51.389706 
2029364 997.5 1000 16.557262 
2029374 997.5 1000 16.557413 
2029384 997.5 1000 16.557554 
2029394 998.5 1000 9.4557476 
2029404 997.5 1000 16.55788 
2029414 997.5 1000 16.558058 
2029424 998.5 1000 -51.388599 
2029434 997.5 1000 16.558386 
2029444 997.5 1000 16.558519 
2029454 997.5 1000 16.558655 
2029464 998.5 1000 9.4568481 
2029474 997.5 1000 16.558939 
2029484 997.5 1000 16.559082 
2029494 997.5 1000 16.559259 
2029504 998.5 1000 9.4574594 
2029514 997.5 1000 16.559593 
2029524 997.5 1000 16.559742 
2029534 997.5 1000 16.559883 
2029544 997.5 1000 16.560032 
2029554 998.5 1000 9.4582043 
2029564 997.5 1000 16.560331 
2029574 997.5 1000 16.560472 
2029584 997.5 1000 16.560616 
2029594 997.5 1000 16.560793 
2029604 997.5 1000 16.56097 
2029614 997.5 1000 16.561148 
2029624 997.5 1000 16.561296 
2029634 997.5 1000 16.561489 
2029644 997.5 1000 16.561666 
2029654 997.5 1000 16.561844 
2029664 997.5 1000 16.562023 
2029674 997.5 1000 16.562201 
2029684 997.5 1000 16.562378 
2029694 997.5 1000 16.562555 
2029704 997.5 1000 16.562717 
2029714 997.5 1000 16.562895 
2029724 997.5 1000 16.563072 
2029734 997.5 1000 16.56325 
2029744 997.5 1000 77.408264 
2029754 997.5 1000 16.563606 
2029764 997.5 1000 16.563784 
2029774 997.5 1000 63.148285 
2029784 997.5 1000 16.564112 
2029794 997.5 1000 16.564262 
2029804 998.5 1000 9.4624624 
2029814 998.5 1000 9.4626112 
2029824 997.5 1000 16.564756 
2029834 997.5 1000 16.564882 
2029844 997.5 1000 16.565031 
2029854 997.5 1000 16.565208 
2029864 997.5 1000 16.565388 
2029874 997.5 1000 16.565565 
2029884 997.5 1000 16.565742 
2029894 998.5 1000 9.4639349 
2029904 997.5 1000 16.566101 
2029914 997.5 1000 16.566278 
2029924 997.5 1000 16.566456 
2029934 997.5 1000 16.566633 
2029944 998.17578125 1000 -29.350357 
2029954 997.5 1000 16.566975 
2029964 997.5 1000 16.567152 
2029974 997.5 1000 77.41217 
2029984 997.5 1000 16.567486 
2029994 998.5 1000 -51.379204 
2030004 997.5 1000 77.412598 
2030014 997.5 1000 16.567877 
2030024 997.5 1000 16.568026 
2030034 997.5 1000 77.413048 
2030044 997.5 1000 16.568359 
2030054 997.5 1000 16.568539 
2030064 997.5 1000 16.56868 
2030074 997.5 1000 16.568821 
2030084 997.5 1000 16.569023 
2030094 997.5 1000 16.569143 
2030104 998.5 1000 9.46733 
2030114 997.5 1000 77.414291 
2030124 998.5 1000 9.4676065 
2030134 998.5 1000 9.467742 
2030144 997.5 1000 16.569855 
2030154 997.5 1000 16.569983 
2030164 997.5 1000 77.415001 
2030174 997.5 1000 16.57033 
2030184 997.5 1000 16.570507 
2030194 997.5 1000 16.570673 
2030204 997.5 1000 16.57085 
2030214 997.5 1000 16.571028 
2030224 996.9375 1000 22.467468 
2030234 997.5 1000 16.571409 
2030244 997.5 1000 16.571566 
2030254 998.5 1000 9.469759 
2030264 998.5 1000 9.4699087 
2030274 997.5 1000 16.572027 
2030284 997.5 1000 16.57217 
2030294 997.5 1000 16.572348 
2030304 998.5 1000 9.47054 
2030314 996.92578125 1000 55.589027 
2030324 997.5 1000 16.572863 
2030334 997.5 1000 16.57304 
2030344 998.23828125 1000 8.715517 
2030354 997.5 1000 16.57333 
2030364 998.5 1000 9.4715233 
2030374 998.5 1000 9.4716654 
2030384 996.72265625 1000 29.937771 
2030394 998.125 1000 -25.892759 
2030404 997.5 1000 16.574156 
2030414 996.93359375 1000 55.059845 
2030424 997.5 1000 16.574537 
2030434 997.5 1000 16.574663 
2030444 997.5 1000 16.57485 
2030454 998.72265625 1000 -0.90224993 
2030464 997.5 1000 16.575171 
2030474 998.5 1000 -51.371487 
2030484 998.5 1000 -51.371342 
2030494 997.5 1000 16.57564 
2030504 997.5 1000 16.575783 
2030514 997.5 1000 77.420792 
2030524 997.5 1000 77.420937 
2030534 997.5 1000 16.576256 
2030544 998.34375 1000 5.3552718 
2030554 997.5 1000 16.576548 
2030564 997.5 1000 77.421562 
2030574 997.5 1000 73.381271 
2030584 997.5 1000 -43.792427 
2030594 998.65625 1000 -1.6167706 
2030604 997.5 1000 16.577372 
2030614 997.5 1000 77.422379 
2030624 998.5 1000 9.4757061 
2030634 997.5 1000 16.577805 
2030644 998.5 1000 9.4759903 
2030654 997.5 1000 16.578089 
2030664 996.953125 1000 53.736664 
2030674 997.5 1000 16.578436 
2030684 998.0546875 1000 -21.110647 
2030694 997.5 1000 16.578766 
2030704 997.5 1000 16.578943 
2030714 997.5 1000 16.579094 
2030724 997.5 1000 77.42411 
2030734 998.640625 1000 -12.436654 
2030744 997.5 1000 16.57959 
2030754 997.5 1000 16.579739 
2030764 997.5 1000 16.579889 
2030774 997.5 1000 16.580038 
2030784 998.5 1000 -51.366619 
2030794 997.5 1000 16.580364 
2030804 997.5 1000 16.580513 
2030814 998.5 1000 9.4786921 
2030824 997.5 1000 16.580833 
2030834 997.5 1000 16.581011 
2030844 997.5 1000 16.581167 
2030854 998.5 1000 9.4793386 
2030864 997.5 1000 16.58148 
2030874 998.5 1000 -51.365204 
2030884 998.5 1000 -51.365055 
2030894 998.5 1000 -51.364922 
2030904 997.5 1000 16.582048 
2030914 997.5 1000 16.58219 
2030924 997.5 1000 16.582331 
2030934 998.5 1000 9.480525 
2030944 998.5 1000 9.4806738 
2030954 997.5 1000 16.5828 
2030964 998.5 1000 9.480958 
2030974 997.5 1000 16.583099 
2030984 997.5 1000 16.583277 
2030994 997.5 1000 16.583454 
2031004 997.5 1000 16.583632 
2031014 998.5 1000 -51.363026 
2031024 997.5 1000 16.583958 
2031034 997.5 1000 16.584135 
2031044 997.5 1000 16.584312 
2031054 997.5 1000 16.58449 
2031064 998.5 1000 -51.362167 
2031074 997.5 1000 16.584824 
2031084 997.5 1000 16.585003 
2031094 997.5 1000 16.58518 
2031104 997.5 1000 16.585379 
2031114 997.5 1000 16.585556 
2031124 997.5 1000 16.585733 
2031134 997.5 1000 16.585899 
2031144 998.5 1000 -51.360756 
2031154 997.5 1000 16.586226 
2031164 998.5 1000 9.4844255 
2031174 997.5 1000 16.586565 
2031184 997.5 1000 16.586699 
2031194 998.5 1000 9.4848852 
2031204 998.5 1000 9.4849911 
2031214 998.5 1000 9.4851408 
2031224 997.5 1000 16.587275 
2031234 998.5 1000 9.4854174 
2031244 997.5 1000 16.587559 
2031254 997.5 1000 16.587734 
2031264 997.5 1000 16.587858 
2031274 997.5 1000 16.588001 
2031284 997.5 1000 16.588142 
2031294 998.5 1000 9.4863291 
2031304 998.5 1000 -51.358364 
2031314 997.5 1000 16.588612 
2031324 997.5 1000 16.588789 
2031334 997.5 1000 16.588966 
2031344 997.5 1000 16.589144 
2031354 997.5 1000 16.589321 
2031364 997.5 1000 16.589499 
2031374 997.5 1000 16.589676 
2031384 998.5 1000 -51.356979 
2031394 998.5 1000 -51.356831 
2031404 997.5 1000 16.590153 
2031414 998.5 1000 9.4883242 
2031424 998.5 1000 9.488452 
2031434 997.5 1000 16.590544 
2031444 998.5 1000 9.4887295 
2031454 997.5 1000 16.590862 
2031464 997.5 1000 16.591005 
2031474 997.5 1000 16.591183 
2031484 997.5 1000 16.591324 
2031494 997.5 1000 77.436333 
2031504 997.5 1000 77.436478 
2031514 997.5 1000 16.591793 
2031524 997.5 1000 16.591949 
2031534 996.5703125 1000 30.800362 
2031544 998.99609375 1000 5.9670925 
2031554 997.5 1000 16.592472 
2031564 998.5 1000 9.4906731 
2031574 998.5 1000 9.4908218 
2031584 998.5 1000 9.4909639 
2031594 997.5 1000 16.593077 
2031604 997.5 1000 16.593218 
2031614 997.5 1000 16.593395 
2031624 998.5 1000 9.4915962 
2031634 997.5 1000 16.593716 
2031644 997.5 1000 16.593864 
2031654 997.5 1000 16.594028 
2031664 997.5 1000 -23.572903 
2031674 998.9140625 1000 -4.1436558 
2031684 997.5 1000 16.594528 
2031694 997.5 1000 16.594669 
2031704 997.5 1000 16.594797 
2031714 997.5 1000 16.594946 
2031724 997.5 1000 77.439949 
2031734 998.5 1000 9.4932604 
2031744 998.5 1000 9.4934025 
2031754 997.5 1000 16.59553 
2031764 997.5 1000 16.595707 
2031774 997.5 1000 16.595842 
2031784 998.5 1000 -51.350845 
2031794 997.5 1000 16.596104 
2031804 998.5 1000 -51.350552 
2031814 997.5 1000 16.596424 
2031824 997.5 1000 77.441422 
2031834 997.5 1000 16.596737 
2031844 997.5 1000 16.596914 
2031854 997.5 1000 16.597092 
2031864 998.5 1000 9.495285 
2031874 997.5 1000 16.597425 
2031884 997.5 1000 16.597603 
2031894 997.5 1000 16.597752 
2031904 997.5 1000 16.597929 
2031914 997.5 1000 16.598106 
2031924 997.5 1000 16.598284 
2031934 998.5 1000 9.4964781 
2031944 998.5 1000 9.4966335 
2031954 998.5 1000 -51.348087 
2031964 997.5 1000 16.598896 
2031974 997.5 1000 16.599073 
2031984 997.5 1000 16.599251 
2031994 997.5 1000 16.599428 
2032004 997.5 1000 16.599569 
2032014 997.5 1000 16.599747 
2032024 997.5 1000 16.599926 
2032034 997.5 1000 16.60008 
2032044 998.5 1000 -51.346577 
2032054 997.5 1000 16.600414 
2032064 997.5 1000 16.600594 
2032074 997.5 1000 16.600735 
2032084 998.5 1000 9.4989204 
2032094 997.5 1000 16.601048 
2032104 997.5 1000 16.601225 
2032114 996.88671875 1000 23.333668 
2032124 997.5 1000 16.601603 
2032134 997.5 1000 16.60178 
2032144 998.19140625 1000 8.8394909 
2032154 998.5 1000 9.5001192 
2032164 997.5 1000 16.602245 
2032174 998.5 1000 9.5004387 
2032184 998.5 1000 9.5005808 
2032194 998.5 1000 9.5007229 
2032204 997.5 1000 16.602814 
2032214 997.5 1000 16.602962 
2032224 997.5 1000 16.60314 
2032234 997.5 1000 16.603325 
2032244 997.5 1000 16.603464 
2032254 997.5 1000 16.603672 
2032264 997.5 1000 97.413399 
2032274 998.5 1000 9.5020075 
2032284 998.5 1000 9.5021496 
2032294 997.5 1000 16.604269 
2032304 997.5 1000 16.60441 
2032314 997.5 1000 16.604559 
2032324 997.5 1000 16.604702 
2032334 997.5 1000 16.604851 
2032344 997.5 1000 16.605028 
2032354 997.5 1000 77.450043 
2032364 998.5 1000 9.5033779 
2032374 997.5 1000 16.60549 
2032384 997.5 1000 16.605639 
2032394 997.5 1000 16.605816 
2032404 997.5 1000 77.450798 
2032414 998.5 1000 9.5041304 
2032424 997.5 1000 16.606256 
2032434 997.5 1000 16.606434 
2032444 997.5 1000 16.606613 
2032454 997.5 1000 16.606762 
2032464 998.5 1000 9.5049477 
2032474 997.5 1000 16.607052 
2032484 998.5 1000 9.5052385 
2032494 997.5 1000 16.607365 
2032504 996 1000 54.355453 
2032514 997.5 1000 16.607731 
2032524 997.5 1000 16.607908 
2032534 997.5 1000 16.608086 
2032544 998.0625 1000 10.949672 
2032554 997.5 1000 16.608391 
2032564 997.5 1000 16.608532 
2032574 997.5 1000 16.608675 
2032584 997.5 1000 77.45369 
2032594 998.99609375 1000 -2.5725291 
2032604 997.5 1000 16.609159 
2032614 997.5 1000 16.609303 
2032624 997.5 1000 16.609444 
2032634 998.5 1000 9.5075874 
2032644 997.5 1000 16.609686 
2032654 996.55859375 1000 45.637146 
2032664 997.5 1000 16.610003 
2032674 998.5 1000 9.5081749 
2032684 998.5 1000 9.508317 
2032694 998.5 1000 -51.336411 
2032704 997.5 1000 16.610563 
2032714 997.5 1000 77.455566 
2032724 997.5 1000 16.610884 
2032734 997.5 1000 16.611061 
2032744 997.5 1000 16.61121 
2032754 997.5 1000 16.611359 
2032764 998.5 1000 9.509531 
2032774 997.5 1000 16.611635 
2032784 997.5 1000 16.611814 
2032794 997.5 1000 16.611963 
2032804 997.5 1000 16.612112 
2032814 997.5 1000 16.612289 
2032824 997.5 1000 16.612467 
2032834 997.5 1000 16.612644 
2032844 998.5 1000 9.5107956 
2032854 998.5 1000 9.5109301 
2032864 997.5 1000 16.613049 
2032874 997.5 1000 16.613192 
2032884 998.5 1000 9.511385 
2032894 997.5 1000 16.61351 
2032904 997.5 1000 16.613661 
2032914 998.5 1000 9.5118246 
2032924 997.5 1000 16.613916 
2032934 998.5 1000 9.5121164 
2032944 997.5 1000 16.614243 
2032954 997.5 1000 16.614391 
2032964 998.5 1000 9.5125847 
2032974 997.5 1000 16.614725 
2032984 998.5 1000 9.5128975 
2032994 997.5 1000 16.615009 
2033004 997.5 1000 16.615152 
2033014 997.5 1000 16.615294 
2033024 997.5 1000 16.615429 
2033034 997.5 1000 16.615578 
2033044 997.5 1000 -53.498413 
2033054 997.5 1000 16.615944 
2033064 998.5 1000 9.5141363 
2033074 998.5 1000 9.5142851 
2033084 998.5 1000 9.5144348 
2033094 997.5 1000 16.616562 
2033104 998.5 1000 9.514761 
2033114 997.5 1000 16.616852 
2033124 997.5 1000 16.617001 
2033134 997.5 1000 16.617144 
2033144 997.5 1000 16.617321 
2033154 997.5 1000 16.61747 
2033164 997.5 1000 16.617613 
2033174 997.3203125 1000 36.670204 
2033184 998.5 1000 9.515933 
2033194 997.5 1000 16.618101 
2033204 998.5 1000 9.5162811 
2033214 997.5 1000 16.618408 
2033224 998.5 1000 9.5166082 
2033234 997.5 1000 16.618734 
2033244 997.5 1000 16.618912 
2033254 998.5 1000 -51.327744 
2033264 997.5 1000 16.619232 
2033274 997.5 1000 16.619373 
2033284 997.5 1000 16.619501 
2033294 998.5 1000 -51.327156 
2033304 998.5 1000 -51.327015 
2033314 997.5 1000 16.61997 
2033324 997.5 1000 16.620148 
2033334 997.5 1000 16.620325 
2033344 997.5 1000 16.620474 
2033354 998.5 1000 9.5186605 
2033364 997.5 1000 16.6208 
2033374 997.5 1000 16.620977 
2033384 998.2734375 1000 8.0384245 
2033394 997.5 1000 16.621279 
2033404 997.5 1000 16.621456 
2033414 997.5 1000 16.621605 
2033424 997.5 1000 16.621784 
2033434 997.5 1000 16.621962 
2033444 997.5 1000 16.62211 
2033454 997.5 1000 16.622303 
2033464 997.5 1000 16.622438 
2033474 997.5 1000 16.622587 
2033484 997.5 1000 16.622765 
2033494 997.5 1000 -40.419128 
2033504 998.671875 1000 -1.6818943 
2033514 997.5 1000 16.623226 
2033524 998.5 1000 9.5213909 
2033534 998.5 1000 9.5215254 
2033544 997.5 1000 16.623646 
2033554 997.5 1000 16.623787 
2033564 998.5 1000 -51.322868 
2033574 997.5 1000 16.624113 
2033584 997.5 1000 16.624249 
2033594 997.5 1000 16.624397 
2033604 998.5 1000 9.5225983 
2033614 997.5 1000 16.624731 
2033624 998.5 1000 9.5229244 
2033634 998.5 1000 9.5230742 
2033644 998.5 1000 -51.32164 
2033654 997.5 1000 16.625343 
2033664 997.5 1000 16.625498 
2033674 997.5 1000 16.625677 
2033684 997.5 1000 16.625854 
2033694 997.5 1000 16.626003 
2033704 997.5 1000 16.626202 
2033714 997.5 1000 16.626408 
2033724 998.5 1000 -51.320282 
2033734 997.5 1000 16.626696 
2033744 997.5 1000 16.626873 
2033754 998.5 1000 9.5250731 
2033764 997.5 1000 16.627165 
2033774 998.5 1000 9.5253649 
2033784 997.5 1000 77.472305 
2033794 998.5 1000 9.5256062 
2033804 997.5 1000 -73.451149 
2033814 997.5 1000 16.627926 
2033824 997.5 1000 16.628067 
2033834 997.5 1000 16.628244 
2033844 998.5 1000 9.5264454 
2033854 997.5 1000 16.628571 
2033864 997.5 1000 16.628714 
2033874 998.5 1000 9.526885 
2033884 998.5 1000 9.5270348 
2033894 997.5 1000 16.629133 
2033904 998.5 1000 9.527276 
2033914 997.5 1000 16.629395 
2033924 997.5 1000 16.629559 
2033934 998.5 1000 9.5277586 
2033944 997.5 1000 16.629892 
2033954 998.5 1000 9.5280428 
2033964 998.5 1000 9.5281782 
2033974 998.5 1000 9.5283203 
2033984 998.5 1000 -51.316402 
2033994 998.5 1000 9.5285683 
2034004 998.5 1000 9.528718 
2034014 997.5 1000 16.630857 
2034024 998.5 1000 9.5290518 
2034034 997.5 1000 16.631203 
2034044 998.93359375 1000 -1.8686337 
2034054 997.5 1000 16.631508 
2034064 997.5 1000 77.476486 
2034074 998.5 1000 -51.315037 
2034084 997.5 1000 -74.6353 
2034094 997.5 1000 16.632175 
2034104 997.5 1000 -44.212482 
2034114 997.5 1000 16.632509 
2034124 998.5 1000 9.5307093 
2034134 996.953125 1000 53.791267 
2034144 997.5 1000 16.633034 
2034154 997.5 1000 16.633213 
2034164 997.5 1000 16.63339 
2034174 997.5 1000 16.633568 
2034184 998.25390625 1000 9.6157589 
2034194 997.5 1000 16.63386 
2034204 998.5 1000 9.5320463 
2034214 998.5 1000 9.5321951 
2034224 997.5 1000 16.634329 
2034234 996.52734375 1000 28.295813 
2034244 998.203125 1000 4.2732077 
2034254 997.5 1000 16.634872 
2034264 997.5 1000 16.635015 
2034274 997.5 1000 16.635193 
2034284 998.5 1000 9.5333786 
2034294 998.5 1000 9.5335064 
2034304 997.5 1000 16.635605 
2034314 996 1000 46.302742 
2034324 998.28515625 1000 2.7411573 
2034334 997.5 1000 16.636105 
2034344 997.5 1000 16.636255 
2034354 997.5 1000 16.636396 
2034364 997.5 1000 16.636538 
2034374 997.5 1000 16.636673 
2034384 997.5 1000 77.481689 
2034394 997.5 1000 16.636999 
2034404 997.5 1000 16.637142 
2034414 997.5 1000 16.63732 
2034424 998.69140625 1000 -10.124819 
2034434 998.5 1000 9.535656 
2034444 997.5 1000 16.637747 
2034454 997.5 1000 16.63789 
2034464 998.5 1000 9.536068 
2034474 997.5 1000 16.638208 
2034484 997.5 1000 16.638386 
2034494 997.5 1000 16.638563 
2034504 997.5 1000 16.638741 
2034514 997.5 1000 16.63892 
2034524 996 1000 42.740936 
2034534 997.5 1000 16.639257 
2034544 997.5 1000 16.6394 
2034554 997.5 1000 16.639578 
2034564 997.5 1000 16.639755 
2034574 998.5 1000 9.5379553 
2034584 997.5 1000 16.640074 
2034594 997.5 1000 16.640217 
2034604 997.5 1000 16.640394 
2034614 997.5 1000 16.640543 
2034624 997.5 1000 16.64072 
2034634 997.5 1000 16.640863 
2034644 998.5 1000 -51.305794 
2034654 997.5 1000 16.641182 
2034664 998.5 1000 9.539361 
2034674 997.5 1000 16.641502 
2034684 997.5 1000 16.641651 
2034694 998.5 1000 9.5398445 
2034704 997.5 1000 16.641985 
2034714 997.5 1000 16.642162 
2034724 997.5 1000 16.64234 
2034734 997.5 1000 16.642483 
2034744 997.5 1000 16.64266 
2034754 997.5 1000 16.642838 
2034764 998.5 1000 9.5410233 
2034774 998.5 1000 -51.303684 
2034784 997.5 1000 16.643291 
2034794 997.5 1000 16.643469 
2034804 998.5 1000 -51.303188 
2034814 998.5 1000 9.5418186 
2034824 998.5 1000 9.5419531 
2034834 997.5 1000 16.644058 
2034844 997.5 1000 16.644236 
2034854 997.5 1000 16.644384 
2034864 997.5 1000 16.644527 
2034874 998.5 1000 9.5427132 
2034884 997.5 1000 16.644846 
2034894 997.5 1000 77.489853 
2034904 997.5 1000 16.645166 
2034914 997.5 1000 16.645344 
2034924 997.5 1000 16.645521 
2034934 997.5 1000 16.645699 
2034944 997.5 1000 16.645876 
2034954 998.5 1000 9.5440626 
2034964 997.5 1000 16.646204 
2034974 997.5 1000 16.646381 
2034984 998.5 1000 9.5445738 
2034994 997.5 1000 16.646708 
2035004 997.5 1000 16.646864 
2035014 997.5 1000 16.646984 
2035024 997.5 1000 16.647161 
2035034 997.5 1000 16.64731 
2035044 997.5 1000 16.64749 
2035054 997.5 1000 16.647667 
2035064 997.5 1000 16.647844 
2035074 997.5 1000 16.647993 
2035084 997.5 1000 16.648142 
2035094 998.5 1000 9.5463428 
2035104 997.5 1000 16.648462 
2035114 996.83984375 1000 61.504139 
2035124 997.5 1000 16.6488 
2035134 997.5 1000 16.648977 
2035144 997.5 1000 16.649137 
2035154 997.5 1000 16.649315 
2035164 997.5 1000 16.649466 
2035174 997.5 1000 16.649643 
2035184 997.5 1000 16.649792 
2035194 997.5 1000 16.649969 
2035204 998.5 1000 -51.296688 
2035214 998.5 1000 9.5483112 
2035224 997.5 1000 16.650423 
2035234 997.5 1000 16.6506 
2035244 998.5 1000 9.5487871 
2035254 998.5 1000 9.5489292 
2035264 997.5 1000 16.651056 
2035274 997.5 1000 16.651234 
2035284 998.5 1000 9.5494337 
2035294 997.5 1000 16.651569 
2035304 998.953125 1000 -2.7000024 
2035314 997.5 1000 16.651842 
2035324 997.5 1000 16.65202 
2035334 997.5 1000 16.652147 
2035344 997.5 1000 16.652327 
2035354 997.5 1000 77.497314 
2035364 998.5 1000 9.5506325 
2035374 998.5 1000 -51.29406 
2035384 998.5 1000 -51.293919 
2035394 997.5 1000 16.653057 
2035404 997.5 1000 16.653206 
2035414 997.5 1000 16.653383 
2035424 997.5 1000 16.653561 
2035434 997.5 1000 16.653711 
2035444 997.5 1000 16.653889 
2035454 998.5 1000 9.5520887 
2035464 997.5 1000 16.654222 
2035474 998.5 1000 9.5524149 
2035484 998.5 1000 9.552557 
2035494 997.5 1000 16.654655 
2035504 998.5 1000 9.5528412 
2035514 997.5 1000 16.654968 
2035524 997.5 1000 16.655146 
2035534 997.5 1000 16.655323 
2035544 997.5 1000 16.655479 
2035554 998.5 1000 9.5536652 
2035564 997.5 1000 16.655756 
2035574 997.5 1000 16.655897 
2035584 998.5 1000 9.5540915 
2035594 998.5 1000 9.5542259 
2035604 997.5 1000 16.656359 
2035614 998.5 1000 9.5545387 
2035624 997.5 1000 16.656679 
2035634 998.5 1000 9.5548792 
2035644 997.5 1000 16.657005 
2035654 998.5 1000 9.5551987 
2035664 997.5 1000 16.657326 
2035674 997.5 1000 16.657467 
2035684 997.5 1000 16.65761 
2035694 998.5 1000 9.55581 
2035704 998.5 1000 9.5559444 
2035714 997.5 1000 16.658064 
2035724 997.5 1000 16.658241 
2035734 997.5 1000 16.658384 
2035744 997.5 1000 16.658562 
2035754 997.5 1000 16.658739 
2035764 997.5 1000 16.658888 
2035774 998.5 1000 9.5570526 
2035784 998.5 1000 -51.287678 
2035794 997.5 1000 16.659271 
2035804 998.5 1000 -51.287384 
2035814 998.5 1000 9.557621 
2035824 998.5 1000 9.5577631 
2035834 997.5 1000 16.659897 
2035844 997.5 1000 16.660032 
2035854 997.5 1000 16.66021 
2035864 997.5 1000 16.660358 
2035874 997.5 1000 16.660536 
2035884 997.5 1000 16.660713 
2035894 998.5 1000 -51.285942 
2035904 997.5 1000 16.661039 
2035914 998.5 1000 -51.285618 
2035924 997.5 1000 16.661367 
2035934 997.5 1000 16.661509 
2035944 997.5 1000 16.661686 
2035954 997.5 1000 16.661821 
2035964 997.5 1000 16.661963 
2035974 997.5 1000 16.662106 
2035984 997.5 1000 77.507111 
2035994 997.5 1000 16.662424 
2036004 997.5 1000 16.662601 
2036014 996.3203125 1000 49.52142 
2036024 997.5 1000 16.662951 
2036034 998.390625 1000 6.0597568 
2036044 996.88671875 1000 58.333794 
2036054 997.5 1000 16.663475 
2036064 997.5 1000 16.663614 
2036074 998.5 1000 9.5618143 
2036084 997.5 1000 16.663933 
2036094 997.5 1000 16.66411 
2036104 997.5 1000 16.664261 
2036114 997.5 1000 16.664438 
2036124 998.5 1000 9.5626307 
2036134 997.5 1000 16.664736 
2036144 997.5 1000 77.509758 
2036154 998.17578125 1000 -29.252096 
2036164 997.5 1000 16.665274 
2036174 997.5 1000 16.66543 
