0.192724	0.165
0.170293	0.1475
0.184637	0.16
0.172887	0.15
0.168157	0.146
0.173193	0.1515
0.163732	0.1405
0.183874	0.16
0.171972	0.148
0.170598	0.147
0.159307	0.138
0.166784	0.1475
0.175329	0.1515
0.163427	0.1435
0.14008	0.1205
0.166631	0.146
0.164342	0.1445
0.175329	0.1495
0.156102	0.1365
0.171056	0.149
0.162358	0.138
0.166936	0.1475
0.159459	0.139
0.163427	0.142
0.16068	0.138
0.156407	0.1385
0.152593	0.134
0.155644	0.137
0.137638	0.1215
0.148778	0.1325
0.14832	0.1315
0.160375	0.139
0.165868	0.1435
0.167089	0.145
0.157323	0.138
0.165258	0.143
0.169225	0.146
0.163884	0.1465
0.148473	0.1315
0.163884	0.141
0.171819	0.154
0.171361	0.1495
0.180364	0.154
0.166478	0.1475
0.160985	0.1385
0.178228	0.1535
0.158544	0.141
0.164037	0.141
0.170293	0.1495
0.170751	0.1465
0.164342	0.143
0.161596	0.1405
0.171972	0.1515
0.178228	0.154
0.15305	0.131
0.16419	0.144
0.167547	0.1455
0.172887	0.1515
0.158238	0.138
0.159459	0.139
0.177313	0.1545
0.167699	0.149
0.179449	0.155
0.171667	0.15
0.178686	0.1565
0.166173	0.1445
0.165258	0.1425
0.179907	0.1575
0.18601	0.16
0.174566	0.1495
0.173193	0.1535
0.159917	0.1355
0.167241	0.145
0.17365	0.152
0.173193	0.154
0.169836	0.145
0.172124	0.149
0.150761	0.1325
0.180212	0.1525
0.161443	0.1405
0.162358	0.1435
0.166173	0.1435
0.181738	0.157
0.163884	0.1415
0.166478	0.145
0.169683	0.148
0.133671	0.119
0.168767	0.1435
0.156255	0.135
0.176397	0.1515
0.168615	0.143
0.153508	0.134
0.166784	0.1465
0.159154	0.1405
0.165105	0.1445
0.186163	0.161
0.168615	0.1435
0.174718	0.1495
0.163732	0.1455
0.174108	0.1495
