9.200000e-01	9.240000e-01	9.280000e-01	9.320000e-01	9.360000e-01	9.400000e-01	9.440000e-01	9.480000e-01	9.520000e-01	9.560000e-01	9.600000e-01	9.640000e-01	9.680000e-01	9.720000e-01	9.760000e-01	9.800000e-01	9.840000e-01	9.880000e-01	9.920000e-01	9.960000e-01
100	100	51	100	101	101	101	101	101	101	102	102	102	152	152	202	202	203	254	604
103	103	54	103	104	104	104	105	105	106	107	107	107	157	157	207	208	212	264	614
105	106	57	106	107	107	108	109	109	110	112	112	112	162	162	212	215	220	274	624
108	108	61	109	110	111	112	112	114	115	117	117	117	167	167	217	221	228	284	634
110	111	64	112	113	114	115	116	118	119	122	122	122	172	172	222	227	237	294	644
113	113	67	115	116	117	119	120	122	124	127	127	127	177	177	227	233	245	904	1854
115	116	71	118	119	121	122	124	126	129	132	132	132	182	182	232	240	703	914	1864
118	119	74	121	122	124	126	128	130	133	137	137	137	187	187	237	246	712	924	1874
120	121	77	124	126	127	129	132	134	138	142	142	142	192	192	242	702	720	934	1884
123	124	81	127	129	131	133	136	139	142	147	147	147	197	197	247	708	728	944	1894
125	127	84	130	132	134	137	139	143	147	352	352	402	502	602	702	715	737	1504	2500
128	129	87	133	135	137	140	143	147	351	357	357	407	507	607	707	721	745	1514	2500
130	132	91	136	138	141	144	147	351	356	362	362	412	512	612	712	727	1203	1524	2500
133	135	94	139	141	144	147	351	355	360	367	367	417	517	617	717	733	1212	1534	2500
135	137	97	142	144	147	351	355	359	365	372	372	422	522	622	722	740	1220	1544	2500
138	140	251	145	147	351	354	359	364	369	377	377	427	527	627	727	746	1228	2154	2500
140	142	254	148	351	354	358	362	368	374	382	382	432	532	632	732	1202	1237	2164	2500
143	145	257	350	354	357	362	366	372	379	387	387	437	537	637	737	1208	1245	2174	2500
145	148	261	353	357	361	365	370	376	383	392	392	442	542	642	742	1215	1703	2184	2500
148	350	264	356	360	364	369	374	380	388	397	397	447	547	647	747	1221	1712	2194	2500
350	353	267	359	363	367	372	378	384	392	602	652	752	852	1002	1202	1227	1720	2500	2500
353	356	271	362	366	371	376	382	389	397	607	657	757	857	1007	1207	1233	1728	2500	2500
355	358	274	365	369	374	379	386	393	601	612	662	762	862	1012	1212	1240	1737	2500	2500
358	361	277	368	372	377	383	389	397	606	617	667	767	867	1017	1217	1246	1745	2500	2500
360	363	281	371	376	381	387	393	601	610	622	672	772	872	1022	1222	1702	2203	2500	2500
363	366	284	374	379	384	390	397	605	615	627	677	777	877	1027	1227	1708	2212	2500	2500
365	369	287	377	382	387	394	601	609	619	632	682	782	882	1032	1232	1715	2220	2500	2500
368	371	291	380	385	391	397	605	614	624	637	687	787	887	1037	1237	1721	2228	2500	2500
370	374	294	383	388	394	601	609	618	629	642	692	792	892	1042	1242	1727	2237	2500	2500
373	377	297	386	391	397	604	612	622	633	647	697	797	897	1047	1247	1733	2245	2500	2500
375	379	451	389	394	601	608	616	626	638	852	902	1052	1202	1402	1702	1740	2500	2500	2500
378	382	454	392	397	604	612	620	630	642	857	907	1057	1207	1407	1707	1746	2500	2500	2500
380	385	457	395	601	607	615	624	634	647	862	912	1062	1212	1412	1712	2202	2500	2500	2500
383	387	461	398	604	611	619	628	639	851	867	917	1067	1217	1417	1717	2208	2500	2500	2500
385	390	464	600	607	614	622	632	643	856	872	922	1072	1222	1422	1722	2215	2500	2500	2500
388	392	467	603	610	617	626	636	647	860	877	927	1077	1227	1427	1727	2221	2500	2500	2500
390	395	471	606	613	621	629	639	851	865	882	932	1082	1232	1432	1732	2227	2500	2500	2500
393	398	474	609	616	624	633	643	855	869	887	937	1087	1237	1437	1737	2233	2500	2500	2500
395	600	477	612	619	627	637	647	859	874	892	942	1092	1242	1442	1742	2240	2500	2500	2500
398	603	481	615	622	631	640	851	864	879	897	947	1097	1247	1447	1747	2246	2500	2500	2500
600	606	484	618	626	634	644	855	868	883	1102	1202	1352	1552	1852	2202	2500	2500	2500	2500
603	608	487	621	629	637	647	859	872	888	1107	1207	1357	1557	1857	2207	2500	2500	2500	2500
605	611	491	624	632	641	851	862	876	892	1112	1212	1362	1562	1862	2212	2500	2500	2500	2500
608	613	494	627	635	644	854	866	880	897	1117	1217	1367	1567	1867	2217	2500	2500	2500	2500
610	616	497	630	638	647	858	870	884	1101	1122	1222	1372	1572	1872	2222	2500	2500	2500	2500
613	619	701	633	641	851	862	874	889	1106	1127	1227	1377	1577	1877	2227	2500	2500	2500	2500
615	621	704	636	644	854	865	878	893	1110	1132	1232	1382	1582	1882	2232	2500	2500	2500	2500
618	624	707	639	647	857	869	882	897	1115	1137	1237	1387	1587	1887	2237	2500	2500	2500	2500
620	627	711	642	851	861	872	886	1101	1119	1142	1242	1392	1592	1892	2242	2500	2500	2500	2500
623	629	714	645	854	864	876	889	1105	1124	1147	1247	1397	1597	1897	2247	2500	2500	2500	2500
625	632	717	648	857	867	879	893	1109	1129	1352	1502	1652	1902	2252	2500	2500	2500	2500	2500
628	635	721	850	860	871	883	897	1114	1133	1357	1507	1657	1907	2257	2500	2500	2500	2500	2500
630	637	724	853	863	874	887	1101	1118	1138	1362	1512	1662	1912	2262	2500	2500	2500	2500	2500
633	640	727	856	866	877	890	1105	1122	1142	1367	1517	1667	1917	2267	2500	2500	2500	2500	2500
635	642	731	859	869	881	894	1109	1126	1147	1372	1522	1672	1922	2272	2500	2500	2500	2500	2500
638	645	734	862	872	884	897	1112	1130	1351	1377	1527	1677	1927	2277	2500	2500	2500	2500	2500
640	648	737	865	876	887	1101	1116	1134	1356	1382	1532	1682	1932	2282	2500	2500	2500	2500	2500
643	850	741	868	879	891	1104	1120	1139	1360	1387	1537	1687	1937	2287	2500	2500	2500	2500	2500
645	853	744	871	882	894	1108	1124	1143	1365	1392	1542	1692	1942	2292	2500	2500	2500	2500	2500
648	856	747	874	885	897	1112	1128	1147	1369	1397	1547	1697	1947	2297	2500	2500	2500	2500	2500
850	858	901	877	888	1101	1115	1132	1351	1374	1602	1752	2002	2252	2500	2500	2500	2500	2500	2500
853	861	904	880	891	1104	1119	1136	1355	1379	1607	1757	2007	2257	2500	2500	2500	2500	2500	2500
855	863	907	883	894	1107	1122	1139	1359	1383	1612	1762	2012	2262	2500	2500	2500	2500	2500	2500
858	866	911	886	897	1111	1126	1143	1364	1388	1617	1767	2017	2267	2500	2500	2500	2500	2500	2500
860	869	914	889	1101	1114	1129	1147	1368	1392	1622	1772	2022	2272	2500	2500	2500	2500	2500	2500
863	871	917	892	1104	1117	1133	1351	1372	1397	1627	1777	2027	2277	2500	2500	2500	2500	2500	2500
865	874	921	895	1107	1121	1137	1355	1376	1601	1632	1782	2032	2282	2500	2500	2500	2500	2500	2500
868	877	924	898	1110	1124	1140	1359	1380	1606	1637	1787	2037	2287	2500	2500	2500	2500	2500	2500
870	879	927	1100	1113	1127	1144	1362	1384	1610	1642	1792	2042	2292	2500	2500	2500	2500	2500	2500
873	882	931	1103	1116	1131	1147	1366	1389	1615	1647	1797	2047	2297	2500	2500	2500	2500	2500	2500
875	885	934	1106	1119	1134	1351	1370	1393	1619	1852	2052	2302	2500	2500	2500	2500	2500	2500	2500
878	887	937	1109	1122	1137	1354	1374	1397	1624	1857	2057	2307	2500	2500	2500	2500	2500	2500	2500
880	890	941	1112	1126	1141	1358	1378	1601	1629	1862	2062	2312	2500	2500	2500	2500	2500	2500	2500
883	892	944	1115	1129	1144	1362	1382	1605	1633	1867	2067	2317	2500	2500	2500	2500	2500	2500	2500
885	895	947	1118	1132	1147	1365	1386	1609	1638	1872	2072	2322	2500	2500	2500	2500	2500	2500	2500
888	898	1101	1121	1135	1351	1369	1389	1614	1642	1877	2077	2327	2500	2500	2500	2500	2500	2500	2500
890	1100	1104	1124	1138	1354	1372	1393	1618	1647	1882	2082	2332	2500	2500	2500	2500	2500	2500	2500
893	1103	1107	1127	1141	1357	1376	1397	1622	1851	1887	2087	2337	2500	2500	2500	2500	2500	2500	2500
895	1106	1111	1130	1144	1361	1379	1601	1626	1856	1892	2092	2342	2500	2500	2500	2500	2500	2500	2500
898	1108	1114	1133	1147	1364	1383	1605	1630	1860	1897	2097	2347	2500	2500	2500	2500	2500	2500	2500
1100	1111	1117	1136	1351	1367	1387	1609	1634	1865	2102	2302	2500	2500	2500	2500	2500	2500	2500	2500
1103	1113	1121	1139	1354	1371	1390	1612	1639	1869	2107	2307	2500	2500	2500	2500	2500	2500	2500	2500
1105	1116	1124	1142	1357	1374	1394	1616	1643	1874	2112	2312	2500	2500	2500	2500	2500	2500	2500	2500
1108	1119	1127	1145	1360	1377	1397	1620	1647	1879	2117	2317	2500	2500	2500	2500	2500	2500	2500	2500
1110	1121	1131	1148	1363	1381	1601	1624	1851	1883	2122	2322	2500	2500	2500	2500	2500	2500	2500	2500
1113	1124	1134	1350	1366	1384	1604	1628	1855	1888	2127	2327	2500	2500	2500	2500	2500	2500	2500	2500
1115	1127	1137	1353	1369	1387	1608	1632	1859	1892	2132	2332	2500	2500	2500	2500	2500	2500	2500	2500
1118	1129	1141	1356	1372	1391	1612	1636	1864	1897	2137	2337	2500	2500	2500	2500	2500	2500	2500	2500
1120	1132	1144	1359	1376	1394	1615	1639	1868	2101	2142	2342	2500	2500	2500	2500	2500	2500	2500	2500
1123	1135	1147	1362	1379	1397	1619	1643	1872	2106	2147	2347	2500	2500	2500	2500	2500	2500	2500	2500
1125	1137	1301	1365	1382	1601	1622	1647	1876	2110	2352	2500	2500	2500	2500	2500	2500	2500	2500	2500
1128	1140	1304	1368	1385	1604	1626	1851	1880	2115	2357	2500	2500	2500	2500	2500	2500	2500	2500	2500
1130	1142	1307	1371	1388	1607	1629	1855	1884	2119	2362	2500	2500	2500	2500	2500	2500	2500	2500	2500
1133	1145	1311	1374	1391	1611	1633	1859	1889	2124	2367	2500	2500	2500	2500	2500	2500	2500	2500	2500
1135	1148	1314	1377	1394	1614	1637	1862	1893	2129	2372	2500	2500	2500	2500	2500	2500	2500	2500	2500
1138	1350	1317	1380	1397	1617	1640	1866	1897	2133	2377	2500	2500	2500	2500	2500	2500	2500	2500	2500
1140	1353	1321	1383	1601	1621	1644	1870	2101	2138	2382	2500	2500	2500	2500	2500	2500	2500	2500	2500
1143	1356	1324	1386	1604	1624	1647	1874	2105	2142	2387	2500	2500	2500	2500	2500	2500	2500	2500	2500
1145	1358	1327	1389	1607	1627	1851	1878	2109	2147	2392	2500	2500	2500	2500	2500	2500	2500	2500	2500
1148	1361	1331	1392	1610	1631	1854	1882	2114	2351	2397	2500	2500	2500	2500	2500	2500	2500	2500	2500
1350	1363	1334	1395	1613	1634	1858	1886	2118	2356	2500	2500	2500	2500	2500	2500	2500	2500	2500	2500
1353	1366	1337	1398	1616	1637	1862	1889	2122	2360	2500	2500	2500	2500	2500	2500	2500	2500	2500	2500
1355	1369	1341	1600	1619	1641	1865	1893	2126	2365	2500	2500	2500	2500	2500	2500	2500	2500	2500	2500
1358	1371	1344	1603	1622	1644	1869	1897	2130	2369	2500	2500	2500	2500	2500	2500	2500	2500	2500	2500
1360	1374	1347	1606	1626	1647	1872	2101	2134	2374	2500	2500	2500	2500	2500	2500	2500	2500	2500	2500
1363	1377	1501	1609	1629	1851	1876	2105	2139	2379	2500	2500	2500	2500	2500	2500	2500	2500	2500	2500
1365	1379	1504	1612	1632	1854	1879	2109	2143	2383	2500	2500	2500	2500	2500	2500	2500	2500	2500	2500
1368	1382	1507	1615	1635	1857	1883	2112	2147	2388	2500	2500	2500	2500	2500	2500	2500	2500	2500	2500
1370	1385	1511	1618	1638	1861	1887	2116	2351	2392	2500	2500	2500	2500	2500	2500	2500	2500	2500	2500
1373	1387	1514	1621	1641	1864	1890	2120	2355	2397	2500	2500	2500	2500	2500	2500	2500	2500	2500	2500
1375	1390	1517	1624	1644	1867	1894	2124	2359	2500	2500	2500	2500	2500	2500	2500	2500	2500	2500	2500
1378	1392	1521	1627	1647	1871	1897	2128	2364	2500	2500	2500	2500	2500	2500	2500	2500	2500	2500	2500
1380	1395	1524	1630	1851	1874	2101	2132	2368	2500	2500	2500	2500	2500	2500	2500	2500	2500	2500	2500
1383	1398	1527	1633	1854	1877	2104	2136	2372	2500	2500	2500	2500	2500	2500	2500	2500	2500	2500	2500
1385	1600	1531	1636	1857	1881	2108	2139	2376	2500	2500	2500	2500	2500	2500	2500	2500	2500	2500	2500
1388	1603	1534	1639	1860	1884	2112	2143	2380	2500	2500	2500	2500	2500	2500	2500	2500	2500	2500	2500
1390	1606	1537	1642	1863	1887	2115	2147	2384	2500	2500	2500	2500	2500	2500	2500	2500	2500	2500	2500
1393	1608	1541	1645	1866	1891	2119	2351	2389	2500	2500	2500	2500	2500	2500	2500	2500	2500	2500	2500
1395	1611	1544	1648	1869	1894	2122	2355	2393	2500	2500	2500	2500	2500	2500	2500	2500	2500	2500	2500
1398	1613	1547	1850	1872	1897	2126	2359	2397	2500	2500	2500	2500	2500	2500	2500	2500	2500	2500	2500
1600	1616	1701	1853	1876	2101	2129	2362	2500	2500	2500	2500	2500	2500	2500	2500	2500	2500	2500	2500
1603	1619	1704	1856	1879	2104	2133	2366	2500	2500	2500	2500	2500	2500	2500	2500	2500	2500	2500	2500
1605	1621	1707	1859	1882	2107	2137	2370	2500	2500	2500	2500	2500	2500	2500	2500	2500	2500	2500	2500
1608	1624	1711	1862	1885	2111	2140	2374	2500	2500	2500	2500	2500	2500	2500	2500	2500	2500	2500	2500
1610	1627	1714	1865	1888	2114	2144	2378	2500	2500	2500	2500	2500	2500	2500	2500	2500	2500	2500	2500
1613	1629	1717	1868	1891	2117	2147	2382	2500	2500	2500	2500	2500	2500	2500	2500	2500	2500	2500	2500
1615	1632	1721	1871	1894	2121	2351	2386	2500	2500	2500	2500	2500	2500	2500	2500	2500	2500	2500	2500
1618	1635	1724	1874	1897	2124	2354	2389	2500	2500	2500	2500	2500	2500	2500	2500	2500	2500	2500	2500
1620	1637	1727	1877	2101	2127	2358	2393	2500	2500	2500	2500	2500	2500	2500	2500	2500	2500	2500	2500
1623	1640	1731	1880	2104	2131	2362	2397	2500	2500	2500	2500	2500	2500	2500	2500	2500	2500	2500	2500
1625	1642	1734	1883	2107	2134	2365	2500	2500	2500	2500	2500	2500	2500	2500	2500	2500	2500	2500	2500
1628	1645	1737	1886	2110	2137	2369	2500	2500	2500	2500	2500	2500	2500	2500	2500	2500	2500	2500	2500
1630	1648	1741	1889	2113	2141	2372	2500	2500	2500	2500	2500	2500	2500	2500	2500	2500	2500	2500	2500
1633	1850	1744	1892	2116	2144	2376	2500	2500	2500	2500	2500	2500	2500	2500	2500	2500	2500	2500	2500
1635	1853	1747	1895	2119	2147	2379	2500	2500	2500	2500	2500	2500	2500	2500	2500	2500	2500	2500	2500
1638	1856	1951	1898	2122	2351	2383	2500	2500	2500	2500	2500	2500	2500	2500	2500	2500	2500	2500	2500
1640	1858	1954	2100	2126	2354	2387	2500	2500	2500	2500	2500	2500	2500	2500	2500	2500	2500	2500	2500
1643	1861	1957	2103	2129	2357	2390	2500	2500	2500	2500	2500	2500	2500	2500	2500	2500	2500	2500	2500
1645	1863	1961	2106	2132	2361	2394	2500	2500	2500	2500	2500	2500	2500	2500	2500	2500	2500	2500	2500
1648	1866	1964	2109	2135	2364	2397	2500	2500	2500	2500	2500	2500	2500	2500	2500	2500	2500	2500	2500
1850	1869	1967	2112	2138	2367	2500	2500	2500	2500	2500	2500	2500	2500	2500	2500	2500	2500	2500	2500
1853	1871	1971	2115	2141	2371	2500	2500	2500	2500	2500	2500	2500	2500	2500	2500	2500	2500	2500	2500
1855	1874	1974	2118	2144	2374	2500	2500	2500	2500	2500	2500	2500	2500	2500	2500	2500	2500	2500	2500
1858	1877	1977	2121	2147	2377	2500	2500	2500	2500	2500	2500	2500	2500	2500	2500	2500	2500	2500	2500
1860	1879	1981	2124	2351	2381	2500	2500	2500	2500	2500	2500	2500	2500	2500	2500	2500	2500	2500	2500
1863	1882	1984	2127	2354	2384	2500	2500	2500	2500	2500	2500	2500	2500	2500	2500	2500	2500	2500	2500
1865	1885	1987	2130	2357	2387	2500	2500	2500	2500	2500	2500	2500	2500	2500	2500	2500	2500	2500	2500
1868	1887	1991	2133	2360	2391	2500	2500	2500	2500	2500	2500	2500	2500	2500	2500	2500	2500	2500	2500
1870	1890	1994	2136	2363	2394	2500	2500	2500	2500	2500	2500	2500	2500	2500	2500	2500	2500	2500	2500
1873	1892	1997	2139	2366	2397	2500	2500	2500	2500	2500	2500	2500	2500	2500	2500	2500	2500	2500	2500
1875	1895	2151	2142	2369	2500	2500	2500	2500	2500	2500	2500	2500	2500	2500	2500	2500	2500	2500	2500
1878	1898	2154	2145	2372	2500	2500	2500	2500	2500	2500	2500	2500	2500	2500	2500	2500	2500	2500	2500
1880	2100	2157	2148	2376	2500	2500	2500	2500	2500	2500	2500	2500	2500	2500	2500	2500	2500	2500	2500
1883	2103	2161	2350	2379	2500	2500	2500	2500	2500	2500	2500	2500	2500	2500	2500	2500	2500	2500	2500
1885	2106	2164	2353	2382	2500	2500	2500	2500	2500	2500	2500	2500	2500	2500	2500	2500	2500	2500	2500
1888	2108	2167	2356	2385	2500	2500	2500	2500	2500	2500	2500	2500	2500	2500	2500	2500	2500	2500	2500
1890	2111	2171	2359	2388	2500	2500	2500	2500	2500	2500	2500	2500	2500	2500	2500	2500	2500	2500	2500
1893	2113	2174	2362	2391	2500	2500	2500	2500	2500	2500	2500	2500	2500	2500	2500	2500	2500	2500	2500
1895	2116	2177	2365	2394	2500	2500	2500	2500	2500	2500	2500	2500	2500	2500	2500	2500	2500	2500	2500
1898	2119	2181	2368	2397	2500	2500	2500	2500	2500	2500	2500	2500	2500	2500	2500	2500	2500	2500	2500
2100	2121	2184	2371	2500	2500	2500	2500	2500	2500	2500	2500	2500	2500	2500	2500	2500	2500	2500	2500
2103	2124	2187	2374	2500	2500	2500	2500	2500	2500	2500	2500	2500	2500	2500	2500	2500	2500	2500	2500
2105	2127	2191	2377	2500	2500	2500	2500	2500	2500	2500	2500	2500	2500	2500	2500	2500	2500	2500	2500
2108	2129	2194	2380	2500	2500	2500	2500	2500	2500	2500	2500	2500	2500	2500	2500	2500	2500	2500	2500
2110	2132	2197	2383	2500	2500	2500	2500	2500	2500	2500	2500	2500	2500	2500	2500	2500	2500	2500	2500
2113	2135	2351	2386	2500	2500	2500	2500	2500	2500	2500	2500	2500	2500	2500	2500	2500	2500	2500	2500
2115	2137	2354	2389	2500	2500	2500	2500	2500	2500	2500	2500	2500	2500	2500	2500	2500	2500	2500	2500
2118	2140	2357	2392	2500	2500	2500	2500	2500	2500	2500	2500	2500	2500	2500	2500	2500	2500	2500	2500
2120	2142	2361	2395	2500	2500	2500	2500	2500	2500	2500	2500	2500	2500	2500	2500	2500	2500	2500	2500
2123	2145	2364	2398	2500	2500	2500	2500	2500	2500	2500	2500	2500	2500	2500	2500	2500	2500	2500	2500
2125	2148	2367	2500	2500	2500	2500	2500	2500	2500	2500	2500	2500	2500	2500	2500	2500	2500	2500	2500
2128	2350	2371	2500	2500	2500	2500	2500	2500	2500	2500	2500	2500	2500	2500	2500	2500	2500	2500	2500
2130	2353	2374	2500	2500	2500	2500	2500	2500	2500	2500	2500	2500	2500	2500	2500	2500	2500	2500	2500
2133	2356	2377	2500	2500	2500	2500	2500	2500	2500	2500	2500	2500	2500	2500	2500	2500	2500	2500	2500
2135	2358	2381	2500	2500	2500	2500	2500	2500	2500	2500	2500	2500	2500	2500	2500	2500	2500	2500	2500
2138	2361	2384	2500	2500	2500	2500	2500	2500	2500	2500	2500	2500	2500	2500	2500	2500	2500	2500	2500
2140	2363	2387	2500	2500	2500	2500	2500	2500	2500	2500	2500	2500	2500	2500	2500	2500	2500	2500	2500
2143	2366	2391	2500	2500	2500	2500	2500	2500	2500	2500	2500	2500	2500	2500	2500	2500	2500	2500	2500
2145	2369	2394	2500	2500	2500	2500	2500	2500	2500	2500	2500	2500	2500	2500	2500	2500	2500	2500	2500
2148	2371	2397	2500	2500	2500	2500	2500	2500	2500	2500	2500	2500	2500	2500	2500	2500	2500	2500	2500
2350	2374	2500	2500	2500	2500	2500	2500	2500	2500	2500	2500	2500	2500	2500	2500	2500	2500	2500	2500
2353	2377	2500	2500	2500	2500	2500	2500	2500	2500	2500	2500	2500	2500	2500	2500	2500	2500	2500	2500
2355	2379	2500	2500	2500	2500	2500	2500	2500	2500	2500	2500	2500	2500	2500	2500	2500	2500	2500	2500
2358	2382	2500	2500	2500	2500	2500	2500	2500	2500	2500	2500	2500	2500	2500	2500	2500	2500	2500	2500
2360	2385	2500	2500	2500	2500	2500	2500	2500	2500	2500	2500	2500	2500	2500	2500	2500	2500	2500	2500
2363	2387	2500	2500	2500	2500	2500	2500	2500	2500	2500	2500	2500	2500	2500	2500	2500	2500	2500	2500
2365	2390	2500	2500	2500	2500	2500	2500	2500	2500	2500	2500	2500	2500	2500	2500	2500	2500	2500	2500
2368	2392	2500	2500	2500	2500	2500	2500	2500	2500	2500	2500	2500	2500	2500	2500	2500	2500	2500	2500
2370	2395	2500	2500	2500	2500	2500	2500	2500	2500	2500	2500	2500	2500	2500	2500	2500	2500	2500	2500
2373	2398	2500	2500	2500	2500	2500	2500	2500	2500	2500	2500	2500	2500	2500	2500	2500	2500	2500	2500
2375	2500	2500	2500	2500	2500	2500	2500	2500	2500	2500	2500	2500	2500	2500	2500	2500	2500	2500	2500
2378	2500	2500	2500	2500	2500	2500	2500	2500	2500	2500	2500	2500	2500	2500	2500	2500	2500	2500	2500
2380	2500	2500	2500	2500	2500	2500	2500	2500	2500	2500	2500	2500	2500	2500	2500	2500	2500	2500	2500
2383	2500	2500	2500	2500	2500	2500	2500	2500	2500	2500	2500	2500	2500	2500	2500	2500	2500	2500	2500
2385	2500	2500	2500	2500	2500	2500	2500	2500	2500	2500	2500	2500	2500	2500	2500	2500	2500	2500	2500
2388	2500	2500	2500	2500	2500	2500	2500	2500	2500	2500	2500	2500	2500	2500	2500	2500	2500	2500	2500
2390	2500	2500	2500	2500	2500	2500	2500	2500	2500	2500	2500	2500	2500	2500	2500	2500	2500	2500	2500
2393	2500	2500	2500	2500	2500	2500	2500	2500	2500	2500	2500	2500	2500	2500	2500	2500	2500	2500	2500
2395	2500	2500	2500	2500	2500	2500	2500	2500	2500	2500	2500	2500	2500	2500	2500	2500	2500	2500	2500
