   9.2000000e-01	   9.2400000e-01	   9.2800000e-01	   9.3200000e-01	   9.3600000e-01	   9.4000000e-01	   9.4400000e-01	   9.4800000e-01	   9.5200000e-01	   9.5600000e-01	   9.6000000e-01	   9.6400000e-01	   9.6800000e-01	   9.7200000e-01	   9.7600000e-01	   9.8000000e-01	   9.8400000e-01	   9.8800000e-01	   9.9200000e-01	   9.9600000e-01	
   1.0000000e+02	   1.0000000e+02	   5.1000000e+01	   1.0000000e+02	   1.0100000e+02	   1.0100000e+02	   1.0100000e+02	   1.0100000e+02	   1.0100000e+02	   1.0100000e+02	   1.0200000e+02	   1.0200000e+02	   1.0200000e+02	   1.5200000e+02	   1.5200000e+02	   2.0200000e+02	   2.0200000e+02	   2.0300000e+02	   2.5400000e+02	   6.0400000e+02	
   1.0300000e+02	   1.0300000e+02	   5.4000000e+01	   1.0300000e+02	   1.0400000e+02	   1.0400000e+02	   1.0400000e+02	   1.0500000e+02	   1.0500000e+02	   1.0600000e+02	   1.0700000e+02	   1.0700000e+02	   1.0700000e+02	   1.5700000e+02	   1.5700000e+02	   2.0700000e+02	   2.0800000e+02	   2.1200000e+02	   2.6400000e+02	   6.1400000e+02	
   1.0500000e+02	   1.0600000e+02	   5.7000000e+01	   1.0600000e+02	   1.0700000e+02	   1.0700000e+02	   1.0800000e+02	   1.0900000e+02	   1.0900000e+02	   1.1000000e+02	   1.1200000e+02	   1.1200000e+02	   1.1200000e+02	   1.6200000e+02	   1.6200000e+02	   2.1200000e+02	   2.1500000e+02	   2.2000000e+02	   2.7400000e+02	   6.2400000e+02	
   1.0800000e+02	   1.0800000e+02	   6.1000000e+01	   1.0900000e+02	   1.1000000e+02	   1.1100000e+02	   1.1200000e+02	   1.1200000e+02	   1.1400000e+02	   1.1500000e+02	   1.1700000e+02	   1.1700000e+02	   1.1700000e+02	   1.6700000e+02	   1.6700000e+02	   2.1700000e+02	   2.2100000e+02	   2.2800000e+02	   2.8400000e+02	   6.3400000e+02	
   1.1000000e+02	   1.1100000e+02	   6.4000000e+01	   1.1200000e+02	   1.1300000e+02	   1.1400000e+02	   1.1500000e+02	   1.1600000e+02	   1.1800000e+02	   1.1900000e+02	   1.2200000e+02	   1.2200000e+02	   1.2200000e+02	   1.7200000e+02	   1.7200000e+02	   2.2200000e+02	   2.2700000e+02	   2.3700000e+02	   2.9400000e+02	   6.4400000e+02	
   1.1300000e+02	   1.1300000e+02	   6.7000000e+01	   1.1500000e+02	   1.1600000e+02	   1.1700000e+02	   1.1900000e+02	   1.2000000e+02	   1.2200000e+02	   1.2400000e+02	   1.2700000e+02	   1.2700000e+02	   1.2700000e+02	   1.7700000e+02	   1.7700000e+02	   2.2700000e+02	   2.3300000e+02	   2.4500000e+02	   9.0400000e+02	   1.8540000e+03	
   1.1500000e+02	   1.1600000e+02	   7.1000000e+01	   1.1800000e+02	   1.1900000e+02	   1.2100000e+02	   1.2200000e+02	   1.2400000e+02	   1.2600000e+02	   1.2900000e+02	   1.3200000e+02	   1.3200000e+02	   1.3200000e+02	   1.8200000e+02	   1.8200000e+02	   2.3200000e+02	   2.4000000e+02	   7.0300000e+02	   9.1400000e+02	   1.8640000e+03	
   1.1800000e+02	   1.1900000e+02	   7.4000000e+01	   1.2100000e+02	   1.2200000e+02	   1.2400000e+02	   1.2600000e+02	   1.2800000e+02	   1.3000000e+02	   1.3300000e+02	   1.3700000e+02	   1.3700000e+02	   1.3700000e+02	   1.8700000e+02	   1.8700000e+02	   2.3700000e+02	   2.4600000e+02	   7.1200000e+02	   9.2400000e+02	   1.8740000e+03	
   1.2000000e+02	   1.2100000e+02	   7.7000000e+01	   1.2400000e+02	   1.2600000e+02	   1.2700000e+02	   1.2900000e+02	   1.3200000e+02	   1.3400000e+02	   1.3800000e+02	   1.4200000e+02	   1.4200000e+02	   1.4200000e+02	   1.9200000e+02	   1.9200000e+02	   2.4200000e+02	   7.0200000e+02	   7.2000000e+02	   9.3400000e+02	   1.8840000e+03	
   1.2300000e+02	   1.2400000e+02	   8.1000000e+01	   1.2700000e+02	   1.2900000e+02	   1.3100000e+02	   1.3300000e+02	   1.3600000e+02	   1.3900000e+02	   1.4200000e+02	   1.4700000e+02	   1.4700000e+02	   1.4700000e+02	   1.9700000e+02	   1.9700000e+02	   2.4700000e+02	   7.0800000e+02	   7.2800000e+02	   9.4400000e+02	   1.8940000e+03	
   1.2500000e+02	   1.2700000e+02	   8.4000000e+01	   1.3000000e+02	   1.3200000e+02	   1.3400000e+02	   1.3700000e+02	   1.3900000e+02	   1.4300000e+02	   1.4700000e+02	   3.5200000e+02	   3.5200000e+02	   4.0200000e+02	   5.0200000e+02	   6.0200000e+02	   7.0200000e+02	   7.1500000e+02	   7.3700000e+02	   1.5040000e+03	   2.5000000e+03	
   1.2800000e+02	   1.2900000e+02	   8.7000000e+01	   1.3300000e+02	   1.3500000e+02	   1.3700000e+02	   1.4000000e+02	   1.4300000e+02	   1.4700000e+02	   3.5100000e+02	   3.5700000e+02	   3.5700000e+02	   4.0700000e+02	   5.0700000e+02	   6.0700000e+02	   7.0700000e+02	   7.2100000e+02	   7.4500000e+02	   1.5140000e+03	   2.5000000e+03	
   1.3000000e+02	   1.3200000e+02	   9.1000000e+01	   1.3600000e+02	   1.3800000e+02	   1.4100000e+02	   1.4400000e+02	   1.4700000e+02	   3.5100000e+02	   3.5600000e+02	   3.6200000e+02	   3.6200000e+02	   4.1200000e+02	   5.1200000e+02	   6.1200000e+02	   7.1200000e+02	   7.2700000e+02	   1.2030000e+03	   1.5240000e+03	   2.5000000e+03	
   1.3300000e+02	   1.3500000e+02	   9.4000000e+01	   1.3900000e+02	   1.4100000e+02	   1.4400000e+02	   1.4700000e+02	   3.5100000e+02	   3.5500000e+02	   3.6000000e+02	   3.6700000e+02	   3.6700000e+02	   4.1700000e+02	   5.1700000e+02	   6.1700000e+02	   7.1700000e+02	   7.3300000e+02	   1.2120000e+03	   1.5340000e+03	   2.5000000e+03	
   1.3500000e+02	   1.3700000e+02	   9.7000000e+01	   1.4200000e+02	   1.4400000e+02	   1.4700000e+02	   3.5100000e+02	   3.5500000e+02	   3.5900000e+02	   3.6500000e+02	   3.7200000e+02	   3.7200000e+02	   4.2200000e+02	   5.2200000e+02	   6.2200000e+02	   7.2200000e+02	   7.4000000e+02	   1.2200000e+03	   1.5440000e+03	   2.5000000e+03	
   1.3800000e+02	   1.4000000e+02	   2.5100000e+02	   1.4500000e+02	   1.4700000e+02	   3.5100000e+02	   3.5400000e+02	   3.5900000e+02	   3.6400000e+02	   3.6900000e+02	   3.7700000e+02	   3.7700000e+02	   4.2700000e+02	   5.2700000e+02	   6.2700000e+02	   7.2700000e+02	   7.4600000e+02	   1.2280000e+03	   2.1540000e+03	   2.5000000e+03	
   1.4000000e+02	   1.4200000e+02	   2.5400000e+02	   1.4800000e+02	   3.5100000e+02	   3.5400000e+02	   3.5800000e+02	   3.6200000e+02	   3.6800000e+02	   3.7400000e+02	   3.8200000e+02	   3.8200000e+02	   4.3200000e+02	   5.3200000e+02	   6.3200000e+02	   7.3200000e+02	   1.2020000e+03	   1.2370000e+03	   2.1640000e+03	   2.5000000e+03	
   1.4300000e+02	   1.4500000e+02	   2.5700000e+02	   3.5000000e+02	   3.5400000e+02	   3.5700000e+02	   3.6200000e+02	   3.6600000e+02	   3.7200000e+02	   3.7900000e+02	   3.8700000e+02	   3.8700000e+02	   4.3700000e+02	   5.3700000e+02	   6.3700000e+02	   7.3700000e+02	   1.2080000e+03	   1.2450000e+03	   2.1740000e+03	   2.5000000e+03	
   1.4500000e+02	   1.4800000e+02	   2.6100000e+02	   3.5300000e+02	   3.5700000e+02	   3.6100000e+02	   3.6500000e+02	   3.7000000e+02	   3.7600000e+02	   3.8300000e+02	   3.9200000e+02	   3.9200000e+02	   4.4200000e+02	   5.4200000e+02	   6.4200000e+02	   7.4200000e+02	   1.2150000e+03	   1.7030000e+03	   2.1840000e+03	   2.5000000e+03	
   1.4800000e+02	   3.5000000e+02	   2.6400000e+02	   3.5600000e+02	   3.6000000e+02	   3.6400000e+02	   3.6900000e+02	   3.7400000e+02	   3.8000000e+02	   3.8800000e+02	   3.9700000e+02	   3.9700000e+02	   4.4700000e+02	   5.4700000e+02	   6.4700000e+02	   7.4700000e+02	   1.2210000e+03	   1.7120000e+03	   2.1940000e+03	   2.5000000e+03	
   3.5000000e+02	   3.5300000e+02	   2.6700000e+02	   3.5900000e+02	   3.6300000e+02	   3.6700000e+02	   3.7200000e+02	   3.7800000e+02	   3.8400000e+02	   3.9200000e+02	   6.0200000e+02	   6.5200000e+02	   7.5200000e+02	   8.5200000e+02	   1.0020000e+03	   1.2020000e+03	   1.2270000e+03	   1.7200000e+03	   2.5000000e+03	   2.5000000e+03	
   3.5300000e+02	   3.5600000e+02	   2.7100000e+02	   3.6200000e+02	   3.6600000e+02	   3.7100000e+02	   3.7600000e+02	   3.8200000e+02	   3.8900000e+02	   3.9700000e+02	   6.0700000e+02	   6.5700000e+02	   7.5700000e+02	   8.5700000e+02	   1.0070000e+03	   1.2070000e+03	   1.2330000e+03	   1.7280000e+03	   2.5000000e+03	   2.5000000e+03	
   3.5500000e+02	   3.5800000e+02	   2.7400000e+02	   3.6500000e+02	   3.6900000e+02	   3.7400000e+02	   3.7900000e+02	   3.8600000e+02	   3.9300000e+02	   6.0100000e+02	   6.1200000e+02	   6.6200000e+02	   7.6200000e+02	   8.6200000e+02	   1.0120000e+03	   1.2120000e+03	   1.2400000e+03	   1.7370000e+03	   2.5000000e+03	   2.5000000e+03	
   3.5800000e+02	   3.6100000e+02	   2.7700000e+02	   3.6800000e+02	   3.7200000e+02	   3.7700000e+02	   3.8300000e+02	   3.8900000e+02	   3.9700000e+02	   6.0600000e+02	   6.1700000e+02	   6.6700000e+02	   7.6700000e+02	   8.6700000e+02	   1.0170000e+03	   1.2170000e+03	   1.2460000e+03	   1.7450000e+03	   2.5000000e+03	   2.5000000e+03	
   3.6000000e+02	   3.6300000e+02	   2.8100000e+02	   3.7100000e+02	   3.7600000e+02	   3.8100000e+02	   3.8700000e+02	   3.9300000e+02	   6.0100000e+02	   6.1000000e+02	   6.2200000e+02	   6.7200000e+02	   7.7200000e+02	   8.7200000e+02	   1.0220000e+03	   1.2220000e+03	   1.7020000e+03	   2.2030000e+03	   2.5000000e+03	   2.5000000e+03	
   3.6300000e+02	   3.6600000e+02	   2.8400000e+02	   3.7400000e+02	   3.7900000e+02	   3.8400000e+02	   3.9000000e+02	   3.9700000e+02	   6.0500000e+02	   6.1500000e+02	   6.2700000e+02	   6.7700000e+02	   7.7700000e+02	   8.7700000e+02	   1.0270000e+03	   1.2270000e+03	   1.7080000e+03	   2.2120000e+03	   2.5000000e+03	   2.5000000e+03	
   3.6500000e+02	   3.6900000e+02	   2.8700000e+02	   3.7700000e+02	   3.8200000e+02	   3.8700000e+02	   3.9400000e+02	   6.0100000e+02	   6.0900000e+02	   6.1900000e+02	   6.3200000e+02	   6.8200000e+02	   7.8200000e+02	   8.8200000e+02	   1.0320000e+03	   1.2320000e+03	   1.7150000e+03	   2.2200000e+03	   2.5000000e+03	   2.5000000e+03	
   3.6800000e+02	   3.7100000e+02	   2.9100000e+02	   3.8000000e+02	   3.8500000e+02	   3.9100000e+02	   3.9700000e+02	   6.0500000e+02	   6.1400000e+02	   6.2400000e+02	   6.3700000e+02	   6.8700000e+02	   7.8700000e+02	   8.8700000e+02	   1.0370000e+03	   1.2370000e+03	   1.7210000e+03	   2.2280000e+03	   2.5000000e+03	   2.5000000e+03	
   3.7000000e+02	   3.7400000e+02	   2.9400000e+02	   3.8300000e+02	   3.8800000e+02	   3.9400000e+02	   6.0100000e+02	   6.0900000e+02	   6.1800000e+02	   6.2900000e+02	   6.4200000e+02	   6.9200000e+02	   7.9200000e+02	   8.9200000e+02	   1.0420000e+03	   1.2420000e+03	   1.7270000e+03	   2.2370000e+03	   2.5000000e+03	   2.5000000e+03	
   3.7300000e+02	   3.7700000e+02	   2.9700000e+02	   3.8600000e+02	   3.9100000e+02	   3.9700000e+02	   6.0400000e+02	   6.1200000e+02	   6.2200000e+02	   6.3300000e+02	   6.4700000e+02	   6.9700000e+02	   7.9700000e+02	   8.9700000e+02	   1.0470000e+03	   1.2470000e+03	   1.7330000e+03	   2.2450000e+03	   2.5000000e+03	   2.5000000e+03	
   3.7500000e+02	   3.7900000e+02	   4.5100000e+02	   3.8900000e+02	   3.9400000e+02	   6.0100000e+02	   6.0800000e+02	   6.1600000e+02	   6.2600000e+02	   6.3800000e+02	   8.5200000e+02	   9.0200000e+02	   1.0520000e+03	   1.2020000e+03	   1.4020000e+03	   1.7020000e+03	   1.7400000e+03	   2.5000000e+03	   2.5000000e+03	   2.5000000e+03	
   3.7800000e+02	   3.8200000e+02	   4.5400000e+02	   3.9200000e+02	   3.9700000e+02	   6.0400000e+02	   6.1200000e+02	   6.2000000e+02	   6.3000000e+02	   6.4200000e+02	   8.5700000e+02	   9.0700000e+02	   1.0570000e+03	   1.2070000e+03	   1.4070000e+03	   1.7070000e+03	   1.7460000e+03	   2.5000000e+03	   2.5000000e+03	   2.5000000e+03	
   3.8000000e+02	   3.8500000e+02	   4.5700000e+02	   3.9500000e+02	   6.0100000e+02	   6.0700000e+02	   6.1500000e+02	   6.2400000e+02	   6.3400000e+02	   6.4700000e+02	   8.6200000e+02	   9.1200000e+02	   1.0620000e+03	   1.2120000e+03	   1.4120000e+03	   1.7120000e+03	   2.2020000e+03	   2.5000000e+03	   2.5000000e+03	   2.5000000e+03	
   3.8300000e+02	   3.8700000e+02	   4.6100000e+02	   3.9800000e+02	   6.0400000e+02	   6.1100000e+02	   6.1900000e+02	   6.2800000e+02	   6.3900000e+02	   8.5100000e+02	   8.6700000e+02	   9.1700000e+02	   1.0670000e+03	   1.2170000e+03	   1.4170000e+03	   1.7170000e+03	   2.2080000e+03	   2.5000000e+03	   2.5000000e+03	   2.5000000e+03	
   3.8500000e+02	   3.9000000e+02	   4.6400000e+02	   6.0000000e+02	   6.0700000e+02	   6.1400000e+02	   6.2200000e+02	   6.3200000e+02	   6.4300000e+02	   8.5600000e+02	   8.7200000e+02	   9.2200000e+02	   1.0720000e+03	   1.2220000e+03	   1.4220000e+03	   1.7220000e+03	   2.2150000e+03	   2.5000000e+03	   2.5000000e+03	   2.5000000e+03	
   3.8800000e+02	   3.9200000e+02	   4.6700000e+02	   6.0300000e+02	   6.1000000e+02	   6.1700000e+02	   6.2600000e+02	   6.3600000e+02	   6.4700000e+02	   8.6000000e+02	   8.7700000e+02	   9.2700000e+02	   1.0770000e+03	   1.2270000e+03	   1.4270000e+03	   1.7270000e+03	   2.2210000e+03	   2.5000000e+03	   2.5000000e+03	   2.5000000e+03	
   3.9000000e+02	   3.9500000e+02	   4.7100000e+02	   6.0600000e+02	   6.1300000e+02	   6.2100000e+02	   6.2900000e+02	   6.3900000e+02	   8.5100000e+02	   8.6500000e+02	   8.8200000e+02	   9.3200000e+02	   1.0820000e+03	   1.2320000e+03	   1.4320000e+03	   1.7320000e+03	   2.2270000e+03	   2.5000000e+03	   2.5000000e+03	   2.5000000e+03	
   3.9300000e+02	   3.9800000e+02	   4.7400000e+02	   6.0900000e+02	   6.1600000e+02	   6.2400000e+02	   6.3300000e+02	   6.4300000e+02	   8.5500000e+02	   8.6900000e+02	   8.8700000e+02	   9.3700000e+02	   1.0870000e+03	   1.2370000e+03	   1.4370000e+03	   1.7370000e+03	   2.2330000e+03	   2.5000000e+03	   2.5000000e+03	   2.5000000e+03	
   3.9500000e+02	   6.0000000e+02	   4.7700000e+02	   6.1200000e+02	   6.1900000e+02	   6.2700000e+02	   6.3700000e+02	   6.4700000e+02	   8.5900000e+02	   8.7400000e+02	   8.9200000e+02	   9.4200000e+02	   1.0920000e+03	   1.2420000e+03	   1.4420000e+03	   1.7420000e+03	   2.2400000e+03	   2.5000000e+03	   2.5000000e+03	   2.5000000e+03	
   3.9800000e+02	   6.0300000e+02	   4.8100000e+02	   6.1500000e+02	   6.2200000e+02	   6.3100000e+02	   6.4000000e+02	   8.5100000e+02	   8.6400000e+02	   8.7900000e+02	   8.9700000e+02	   9.4700000e+02	   1.0970000e+03	   1.2470000e+03	   1.4470000e+03	   1.7470000e+03	   2.2460000e+03	   2.5000000e+03	   2.5000000e+03	   2.5000000e+03	
   6.0000000e+02	   6.0600000e+02	   4.8400000e+02	   6.1800000e+02	   6.2600000e+02	   6.3400000e+02	   6.4400000e+02	   8.5500000e+02	   8.6800000e+02	   8.8300000e+02	   1.1020000e+03	   1.2020000e+03	   1.3520000e+03	   1.5520000e+03	   1.8520000e+03	   2.2020000e+03	   2.5000000e+03	   2.5000000e+03	   2.5000000e+03	   2.5000000e+03	
   6.0300000e+02	   6.0800000e+02	   4.8700000e+02	   6.2100000e+02	   6.2900000e+02	   6.3700000e+02	   6.4700000e+02	   8.5900000e+02	   8.7200000e+02	   8.8800000e+02	   1.1070000e+03	   1.2070000e+03	   1.3570000e+03	   1.5570000e+03	   1.8570000e+03	   2.2070000e+03	   2.5000000e+03	   2.5000000e+03	   2.5000000e+03	   2.5000000e+03	
   6.0500000e+02	   6.1100000e+02	   4.9100000e+02	   6.2400000e+02	   6.3200000e+02	   6.4100000e+02	   8.5100000e+02	   8.6200000e+02	   8.7600000e+02	   8.9200000e+02	   1.1120000e+03	   1.2120000e+03	   1.3620000e+03	   1.5620000e+03	   1.8620000e+03	   2.2120000e+03	   2.5000000e+03	   2.5000000e+03	   2.5000000e+03	   2.5000000e+03	
   6.0800000e+02	   6.1300000e+02	   4.9400000e+02	   6.2700000e+02	   6.3500000e+02	   6.4400000e+02	   8.5400000e+02	   8.6600000e+02	   8.8000000e+02	   8.9700000e+02	   1.1170000e+03	   1.2170000e+03	   1.3670000e+03	   1.5670000e+03	   1.8670000e+03	   2.2170000e+03	   2.5000000e+03	   2.5000000e+03	   2.5000000e+03	   2.5000000e+03	
   6.1000000e+02	   6.1600000e+02	   4.9700000e+02	   6.3000000e+02	   6.3800000e+02	   6.4700000e+02	   8.5800000e+02	   8.7000000e+02	   8.8400000e+02	   1.1010000e+03	   1.1220000e+03	   1.2220000e+03	   1.3720000e+03	   1.5720000e+03	   1.8720000e+03	   2.2220000e+03	   2.5000000e+03	   2.5000000e+03	   2.5000000e+03	   2.5000000e+03	
   6.1300000e+02	   6.1900000e+02	   7.0100000e+02	   6.3300000e+02	   6.4100000e+02	   8.5100000e+02	   8.6200000e+02	   8.7400000e+02	   8.8900000e+02	   1.1060000e+03	   1.1270000e+03	   1.2270000e+03	   1.3770000e+03	   1.5770000e+03	   1.8770000e+03	   2.2270000e+03	   2.5000000e+03	   2.5000000e+03	   2.5000000e+03	   2.5000000e+03	
   6.1500000e+02	   6.2100000e+02	   7.0400000e+02	   6.3600000e+02	   6.4400000e+02	   8.5400000e+02	   8.6500000e+02	   8.7800000e+02	   8.9300000e+02	   1.1100000e+03	   1.1320000e+03	   1.2320000e+03	   1.3820000e+03	   1.5820000e+03	   1.8820000e+03	   2.2320000e+03	   2.5000000e+03	   2.5000000e+03	   2.5000000e+03	   2.5000000e+03	
   6.1800000e+02	   6.2400000e+02	   7.0700000e+02	   6.3900000e+02	   6.4700000e+02	   8.5700000e+02	   8.6900000e+02	   8.8200000e+02	   8.9700000e+02	   1.1150000e+03	   1.1370000e+03	   1.2370000e+03	   1.3870000e+03	   1.5870000e+03	   1.8870000e+03	   2.2370000e+03	   2.5000000e+03	   2.5000000e+03	   2.5000000e+03	   2.5000000e+03	
   6.2000000e+02	   6.2700000e+02	   7.1100000e+02	   6.4200000e+02	   8.5100000e+02	   8.6100000e+02	   8.7200000e+02	   8.8600000e+02	   1.1010000e+03	   1.1190000e+03	   1.1420000e+03	   1.2420000e+03	   1.3920000e+03	   1.5920000e+03	   1.8920000e+03	   2.2420000e+03	   2.5000000e+03	   2.5000000e+03	   2.5000000e+03	   2.5000000e+03	
   6.2300000e+02	   6.2900000e+02	   7.1400000e+02	   6.4500000e+02	   8.5400000e+02	   8.6400000e+02	   8.7600000e+02	   8.8900000e+02	   1.1050000e+03	   1.1240000e+03	   1.1470000e+03	   1.2470000e+03	   1.3970000e+03	   1.5970000e+03	   1.8970000e+03	   2.2470000e+03	   2.5000000e+03	   2.5000000e+03	   2.5000000e+03	   2.5000000e+03	
   6.2500000e+02	   6.3200000e+02	   7.1700000e+02	   6.4800000e+02	   8.5700000e+02	   8.6700000e+02	   8.7900000e+02	   8.9300000e+02	   1.1090000e+03	   1.1290000e+03	   1.3520000e+03	   1.5020000e+03	   1.6520000e+03	   1.9020000e+03	   2.2520000e+03	   2.5000000e+03	   2.5000000e+03	   2.5000000e+03	   2.5000000e+03	   2.5000000e+03	
   6.2800000e+02	   6.3500000e+02	   7.2100000e+02	   8.5000000e+02	   8.6000000e+02	   8.7100000e+02	   8.8300000e+02	   8.9700000e+02	   1.1140000e+03	   1.1330000e+03	   1.3570000e+03	   1.5070000e+03	   1.6570000e+03	   1.9070000e+03	   2.2570000e+03	   2.5000000e+03	   2.5000000e+03	   2.5000000e+03	   2.5000000e+03	   2.5000000e+03	
   6.3000000e+02	   6.3700000e+02	   7.2400000e+02	   8.5300000e+02	   8.6300000e+02	   8.7400000e+02	   8.8700000e+02	   1.1010000e+03	   1.1180000e+03	   1.1380000e+03	   1.3620000e+03	   1.5120000e+03	   1.6620000e+03	   1.9120000e+03	   2.2620000e+03	   2.5000000e+03	   2.5000000e+03	   2.5000000e+03	   2.5000000e+03	   2.5000000e+03	
   6.3300000e+02	   6.4000000e+02	   7.2700000e+02	   8.5600000e+02	   8.6600000e+02	   8.7700000e+02	   8.9000000e+02	   1.1050000e+03	   1.1220000e+03	   1.1420000e+03	   1.3670000e+03	   1.5170000e+03	   1.6670000e+03	   1.9170000e+03	   2.2670000e+03	   2.5000000e+03	   2.5000000e+03	   2.5000000e+03	   2.5000000e+03	   2.5000000e+03	
   6.3500000e+02	   6.4200000e+02	   7.3100000e+02	   8.5900000e+02	   8.6900000e+02	   8.8100000e+02	   8.9400000e+02	   1.1090000e+03	   1.1260000e+03	   1.1470000e+03	   1.3720000e+03	   1.5220000e+03	   1.6720000e+03	   1.9220000e+03	   2.2720000e+03	   2.5000000e+03	   2.5000000e+03	   2.5000000e+03	   2.5000000e+03	   2.5000000e+03	
   6.3800000e+02	   6.4500000e+02	   7.3400000e+02	   8.6200000e+02	   8.7200000e+02	   8.8400000e+02	   8.9700000e+02	   1.1120000e+03	   1.1300000e+03	   1.3510000e+03	   1.3770000e+03	   1.5270000e+03	   1.6770000e+03	   1.9270000e+03	   2.2770000e+03	   2.5000000e+03	   2.5000000e+03	   2.5000000e+03	   2.5000000e+03	   2.5000000e+03	
   6.4000000e+02	   6.4800000e+02	   7.3700000e+02	   8.6500000e+02	   8.7600000e+02	   8.8700000e+02	   1.1010000e+03	   1.1160000e+03	   1.1340000e+03	   1.3560000e+03	   1.3820000e+03	   1.5320000e+03	   1.6820000e+03	   1.9320000e+03	   2.2820000e+03	   2.5000000e+03	   2.5000000e+03	   2.5000000e+03	   2.5000000e+03	   2.5000000e+03	
   6.4300000e+02	   8.5000000e+02	   7.4100000e+02	   8.6800000e+02	   8.7900000e+02	   8.9100000e+02	   1.1040000e+03	   1.1200000e+03	   1.1390000e+03	   1.3600000e+03	   1.3870000e+03	   1.5370000e+03	   1.6870000e+03	   1.9370000e+03	   2.2870000e+03	   2.5000000e+03	   2.5000000e+03	   2.5000000e+03	   2.5000000e+03	   2.5000000e+03	
   6.4500000e+02	   8.5300000e+02	   7.4400000e+02	   8.7100000e+02	   8.8200000e+02	   8.9400000e+02	   1.1080000e+03	   1.1240000e+03	   1.1430000e+03	   1.3650000e+03	   1.3920000e+03	   1.5420000e+03	   1.6920000e+03	   1.9420000e+03	   2.2920000e+03	   2.5000000e+03	   2.5000000e+03	   2.5000000e+03	   2.5000000e+03	   2.5000000e+03	
   6.4800000e+02	   8.5600000e+02	   7.4700000e+02	   8.7400000e+02	   8.8500000e+02	   8.9700000e+02	   1.1120000e+03	   1.1280000e+03	   1.1470000e+03	   1.3690000e+03	   1.3970000e+03	   1.5470000e+03	   1.6970000e+03	   1.9470000e+03	   2.2970000e+03	   2.5000000e+03	   2.5000000e+03	   2.5000000e+03	   2.5000000e+03	   2.5000000e+03	
   8.5000000e+02	   8.5800000e+02	   9.0100000e+02	   8.7700000e+02	   8.8800000e+02	   1.1010000e+03	   1.1150000e+03	   1.1320000e+03	   1.3510000e+03	   1.3740000e+03	   1.6020000e+03	   1.7520000e+03	   2.0020000e+03	   2.2520000e+03	   2.5000000e+03	   2.5000000e+03	   2.5000000e+03	   2.5000000e+03	   2.5000000e+03	   2.5000000e+03	
   8.5300000e+02	   8.6100000e+02	   9.0400000e+02	   8.8000000e+02	   8.9100000e+02	   1.1040000e+03	   1.1190000e+03	   1.1360000e+03	   1.3550000e+03	   1.3790000e+03	   1.6070000e+03	   1.7570000e+03	   2.0070000e+03	   2.2570000e+03	   2.5000000e+03	   2.5000000e+03	   2.5000000e+03	   2.5000000e+03	   2.5000000e+03	   2.5000000e+03	
   8.5500000e+02	   8.6300000e+02	   9.0700000e+02	   8.8300000e+02	   8.9400000e+02	   1.1070000e+03	   1.1220000e+03	   1.1390000e+03	   1.3590000e+03	   1.3830000e+03	   1.6120000e+03	   1.7620000e+03	   2.0120000e+03	   2.2620000e+03	   2.5000000e+03	   2.5000000e+03	   2.5000000e+03	   2.5000000e+03	   2.5000000e+03	   2.5000000e+03	
   8.5800000e+02	   8.6600000e+02	   9.1100000e+02	   8.8600000e+02	   8.9700000e+02	   1.1110000e+03	   1.1260000e+03	   1.1430000e+03	   1.3640000e+03	   1.3880000e+03	   1.6170000e+03	   1.7670000e+03	   2.0170000e+03	   2.2670000e+03	   2.5000000e+03	   2.5000000e+03	   2.5000000e+03	   2.5000000e+03	   2.5000000e+03	   2.5000000e+03	
   8.6000000e+02	   8.6900000e+02	   9.1400000e+02	   8.8900000e+02	   1.1010000e+03	   1.1140000e+03	   1.1290000e+03	   1.1470000e+03	   1.3680000e+03	   1.3920000e+03	   1.6220000e+03	   1.7720000e+03	   2.0220000e+03	   2.2720000e+03	   2.5000000e+03	   2.5000000e+03	   2.5000000e+03	   2.5000000e+03	   2.5000000e+03	   2.5000000e+03	
   8.6300000e+02	   8.7100000e+02	   9.1700000e+02	   8.9200000e+02	   1.1040000e+03	   1.1170000e+03	   1.1330000e+03	   1.3510000e+03	   1.3720000e+03	   1.3970000e+03	   1.6270000e+03	   1.7770000e+03	   2.0270000e+03	   2.2770000e+03	   2.5000000e+03	   2.5000000e+03	   2.5000000e+03	   2.5000000e+03	   2.5000000e+03	   2.5000000e+03	
   8.6500000e+02	   8.7400000e+02	   9.2100000e+02	   8.9500000e+02	   1.1070000e+03	   1.1210000e+03	   1.1370000e+03	   1.3550000e+03	   1.3760000e+03	   1.6010000e+03	   1.6320000e+03	   1.7820000e+03	   2.0320000e+03	   2.2820000e+03	   2.5000000e+03	   2.5000000e+03	   2.5000000e+03	   2.5000000e+03	   2.5000000e+03	   2.5000000e+03	
   8.6800000e+02	   8.7700000e+02	   9.2400000e+02	   8.9800000e+02	   1.1100000e+03	   1.1240000e+03	   1.1400000e+03	   1.3590000e+03	   1.3800000e+03	   1.6060000e+03	   1.6370000e+03	   1.7870000e+03	   2.0370000e+03	   2.2870000e+03	   2.5000000e+03	   2.5000000e+03	   2.5000000e+03	   2.5000000e+03	   2.5000000e+03	   2.5000000e+03	
   8.7000000e+02	   8.7900000e+02	   9.2700000e+02	   1.1000000e+03	   1.1130000e+03	   1.1270000e+03	   1.1440000e+03	   1.3620000e+03	   1.3840000e+03	   1.6100000e+03	   1.6420000e+03	   1.7920000e+03	   2.0420000e+03	   2.2920000e+03	   2.5000000e+03	   2.5000000e+03	   2.5000000e+03	   2.5000000e+03	   2.5000000e+03	   2.5000000e+03	
   8.7300000e+02	   8.8200000e+02	   9.3100000e+02	   1.1030000e+03	   1.1160000e+03	   1.1310000e+03	   1.1470000e+03	   1.3660000e+03	   1.3890000e+03	   1.6150000e+03	   1.6470000e+03	   1.7970000e+03	   2.0470000e+03	   2.2970000e+03	   2.5000000e+03	   2.5000000e+03	   2.5000000e+03	   2.5000000e+03	   2.5000000e+03	   2.5000000e+03	
   8.7500000e+02	   8.8500000e+02	   9.3400000e+02	   1.1060000e+03	   1.1190000e+03	   1.1340000e+03	   1.3510000e+03	   1.3700000e+03	   1.3930000e+03	   1.6190000e+03	   1.8520000e+03	   2.0520000e+03	   2.3020000e+03	   2.5000000e+03	   2.5000000e+03	   2.5000000e+03	   2.5000000e+03	   2.5000000e+03	   2.5000000e+03	   2.5000000e+03	
   8.7800000e+02	   8.8700000e+02	   9.3700000e+02	   1.1090000e+03	   1.1220000e+03	   1.1370000e+03	   1.3540000e+03	   1.3740000e+03	   1.3970000e+03	   1.6240000e+03	   1.8570000e+03	   2.0570000e+03	   2.3070000e+03	   2.5000000e+03	   2.5000000e+03	   2.5000000e+03	   2.5000000e+03	   2.5000000e+03	   2.5000000e+03	   2.5000000e+03	
   8.8000000e+02	   8.9000000e+02	   9.4100000e+02	   1.1120000e+03	   1.1260000e+03	   1.1410000e+03	   1.3580000e+03	   1.3780000e+03	   1.6010000e+03	   1.6290000e+03	   1.8620000e+03	   2.0620000e+03	   2.3120000e+03	   2.5000000e+03	   2.5000000e+03	   2.5000000e+03	   2.5000000e+03	   2.5000000e+03	   2.5000000e+03	   2.5000000e+03	
   8.8300000e+02	   8.9200000e+02	   9.4400000e+02	   1.1150000e+03	   1.1290000e+03	   1.1440000e+03	   1.3620000e+03	   1.3820000e+03	   1.6050000e+03	   1.6330000e+03	   1.8670000e+03	   2.0670000e+03	   2.3170000e+03	   2.5000000e+03	   2.5000000e+03	   2.5000000e+03	   2.5000000e+03	   2.5000000e+03	   2.5000000e+03	   2.5000000e+03	
   8.8500000e+02	   8.9500000e+02	   9.4700000e+02	   1.1180000e+03	   1.1320000e+03	   1.1470000e+03	   1.3650000e+03	   1.3860000e+03	   1.6090000e+03	   1.6380000e+03	   1.8720000e+03	   2.0720000e+03	   2.3220000e+03	   2.5000000e+03	   2.5000000e+03	   2.5000000e+03	   2.5000000e+03	   2.5000000e+03	   2.5000000e+03	   2.5000000e+03	
   8.8800000e+02	   8.9800000e+02	   1.1010000e+03	   1.1210000e+03	   1.1350000e+03	   1.3510000e+03	   1.3690000e+03	   1.3890000e+03	   1.6140000e+03	   1.6420000e+03	   1.8770000e+03	   2.0770000e+03	   2.3270000e+03	   2.5000000e+03	   2.5000000e+03	   2.5000000e+03	   2.5000000e+03	   2.5000000e+03	   2.5000000e+03	   2.5000000e+03	
   8.9000000e+02	   1.1000000e+03	   1.1040000e+03	   1.1240000e+03	   1.1380000e+03	   1.3540000e+03	   1.3720000e+03	   1.3930000e+03	   1.6180000e+03	   1.6470000e+03	   1.8820000e+03	   2.0820000e+03	   2.3320000e+03	   2.5000000e+03	   2.5000000e+03	   2.5000000e+03	   2.5000000e+03	   2.5000000e+03	   2.5000000e+03	   2.5000000e+03	
   8.9300000e+02	   1.1030000e+03	   1.1070000e+03	   1.1270000e+03	   1.1410000e+03	   1.3570000e+03	   1.3760000e+03	   1.3970000e+03	   1.6220000e+03	   1.8510000e+03	   1.8870000e+03	   2.0870000e+03	   2.3370000e+03	   2.5000000e+03	   2.5000000e+03	   2.5000000e+03	   2.5000000e+03	   2.5000000e+03	   2.5000000e+03	   2.5000000e+03	
   8.9500000e+02	   1.1060000e+03	   1.1110000e+03	   1.1300000e+03	   1.1440000e+03	   1.3610000e+03	   1.3790000e+03	   1.6010000e+03	   1.6260000e+03	   1.8560000e+03	   1.8920000e+03	   2.0920000e+03	   2.3420000e+03	   2.5000000e+03	   2.5000000e+03	   2.5000000e+03	   2.5000000e+03	   2.5000000e+03	   2.5000000e+03	   2.5000000e+03	
   8.9800000e+02	   1.1080000e+03	   1.1140000e+03	   1.1330000e+03	   1.1470000e+03	   1.3640000e+03	   1.3830000e+03	   1.6050000e+03	   1.6300000e+03	   1.8600000e+03	   1.8970000e+03	   2.0970000e+03	   2.3470000e+03	   2.5000000e+03	   2.5000000e+03	   2.5000000e+03	   2.5000000e+03	   2.5000000e+03	   2.5000000e+03	   2.5000000e+03	
   1.1000000e+03	   1.1110000e+03	   1.1170000e+03	   1.1360000e+03	   1.3510000e+03	   1.3670000e+03	   1.3870000e+03	   1.6090000e+03	   1.6340000e+03	   1.8650000e+03	   2.1020000e+03	   2.3020000e+03	   2.5000000e+03	   2.5000000e+03	   2.5000000e+03	   2.5000000e+03	   2.5000000e+03	   2.5000000e+03	   2.5000000e+03	   2.5000000e+03	
   1.1030000e+03	   1.1130000e+03	   1.1210000e+03	   1.1390000e+03	   1.3540000e+03	   1.3710000e+03	   1.3900000e+03	   1.6120000e+03	   1.6390000e+03	   1.8690000e+03	   2.1070000e+03	   2.3070000e+03	   2.5000000e+03	   2.5000000e+03	   2.5000000e+03	   2.5000000e+03	   2.5000000e+03	   2.5000000e+03	   2.5000000e+03	   2.5000000e+03	
   1.1050000e+03	   1.1160000e+03	   1.1240000e+03	   1.1420000e+03	   1.3570000e+03	   1.3740000e+03	   1.3940000e+03	   1.6160000e+03	   1.6430000e+03	   1.8740000e+03	   2.1120000e+03	   2.3120000e+03	   2.5000000e+03	   2.5000000e+03	   2.5000000e+03	   2.5000000e+03	   2.5000000e+03	   2.5000000e+03	   2.5000000e+03	   2.5000000e+03	
   1.1080000e+03	   1.1190000e+03	   1.1270000e+03	   1.1450000e+03	   1.3600000e+03	   1.3770000e+03	   1.3970000e+03	   1.6200000e+03	   1.6470000e+03	   1.8790000e+03	   2.1170000e+03	   2.3170000e+03	   2.5000000e+03	   2.5000000e+03	   2.5000000e+03	   2.5000000e+03	   2.5000000e+03	   2.5000000e+03	   2.5000000e+03	   2.5000000e+03	
   1.1100000e+03	   1.1210000e+03	   1.1310000e+03	   1.1480000e+03	   1.3630000e+03	   1.3810000e+03	   1.6010000e+03	   1.6240000e+03	   1.8510000e+03	   1.8830000e+03	   2.1220000e+03	   2.3220000e+03	   2.5000000e+03	   2.5000000e+03	   2.5000000e+03	   2.5000000e+03	   2.5000000e+03	   2.5000000e+03	   2.5000000e+03	   2.5000000e+03	
   1.1130000e+03	   1.1240000e+03	   1.1340000e+03	   1.3500000e+03	   1.3660000e+03	   1.3840000e+03	   1.6040000e+03	   1.6280000e+03	   1.8550000e+03	   1.8880000e+03	   2.1270000e+03	   2.3270000e+03	   2.5000000e+03	   2.5000000e+03	   2.5000000e+03	   2.5000000e+03	   2.5000000e+03	   2.5000000e+03	   2.5000000e+03	   2.5000000e+03	
   1.1150000e+03	   1.1270000e+03	   1.1370000e+03	   1.3530000e+03	   1.3690000e+03	   1.3870000e+03	   1.6080000e+03	   1.6320000e+03	   1.8590000e+03	   1.8920000e+03	   2.1320000e+03	   2.3320000e+03	   2.5000000e+03	   2.5000000e+03	   2.5000000e+03	   2.5000000e+03	   2.5000000e+03	   2.5000000e+03	   2.5000000e+03	   2.5000000e+03	
   1.1180000e+03	   1.1290000e+03	   1.1410000e+03	   1.3560000e+03	   1.3720000e+03	   1.3910000e+03	   1.6120000e+03	   1.6360000e+03	   1.8640000e+03	   1.8970000e+03	   2.1370000e+03	   2.3370000e+03	   2.5000000e+03	   2.5000000e+03	   2.5000000e+03	   2.5000000e+03	   2.5000000e+03	   2.5000000e+03	   2.5000000e+03	   2.5000000e+03	
   1.1200000e+03	   1.1320000e+03	   1.1440000e+03	   1.3590000e+03	   1.3760000e+03	   1.3940000e+03	   1.6150000e+03	   1.6390000e+03	   1.8680000e+03	   2.1010000e+03	   2.1420000e+03	   2.3420000e+03	   2.5000000e+03	   2.5000000e+03	   2.5000000e+03	   2.5000000e+03	   2.5000000e+03	   2.5000000e+03	   2.5000000e+03	   2.5000000e+03	
   1.1230000e+03	   1.1350000e+03	   1.1470000e+03	   1.3620000e+03	   1.3790000e+03	   1.3970000e+03	   1.6190000e+03	   1.6430000e+03	   1.8720000e+03	   2.1060000e+03	   2.1470000e+03	   2.3470000e+03	   2.5000000e+03	   2.5000000e+03	   2.5000000e+03	   2.5000000e+03	   2.5000000e+03	   2.5000000e+03	   2.5000000e+03	   2.5000000e+03	
   1.1250000e+03	   1.1370000e+03	   1.3010000e+03	   1.3650000e+03	   1.3820000e+03	   1.6010000e+03	   1.6220000e+03	   1.6470000e+03	   1.8760000e+03	   2.1100000e+03	   2.3520000e+03	   2.5000000e+03	   2.5000000e+03	   2.5000000e+03	   2.5000000e+03	   2.5000000e+03	   2.5000000e+03	   2.5000000e+03	   2.5000000e+03	   2.5000000e+03	
   1.1280000e+03	   1.1400000e+03	   1.3040000e+03	   1.3680000e+03	   1.3850000e+03	   1.6040000e+03	   1.6260000e+03	   1.8510000e+03	   1.8800000e+03	   2.1150000e+03	   2.3570000e+03	   2.5000000e+03	   2.5000000e+03	   2.5000000e+03	   2.5000000e+03	   2.5000000e+03	   2.5000000e+03	   2.5000000e+03	   2.5000000e+03	   2.5000000e+03	
   1.1300000e+03	   1.1420000e+03	   1.3070000e+03	   1.3710000e+03	   1.3880000e+03	   1.6070000e+03	   1.6290000e+03	   1.8550000e+03	   1.8840000e+03	   2.1190000e+03	   2.3620000e+03	   2.5000000e+03	   2.5000000e+03	   2.5000000e+03	   2.5000000e+03	   2.5000000e+03	   2.5000000e+03	   2.5000000e+03	   2.5000000e+03	   2.5000000e+03	
   1.1330000e+03	   1.1450000e+03	   1.3110000e+03	   1.3740000e+03	   1.3910000e+03	   1.6110000e+03	   1.6330000e+03	   1.8590000e+03	   1.8890000e+03	   2.1240000e+03	   2.3670000e+03	   2.5000000e+03	   2.5000000e+03	   2.5000000e+03	   2.5000000e+03	   2.5000000e+03	   2.5000000e+03	   2.5000000e+03	   2.5000000e+03	   2.5000000e+03	
   1.1350000e+03	   1.1480000e+03	   1.3140000e+03	   1.3770000e+03	   1.3940000e+03	   1.6140000e+03	   1.6370000e+03	   1.8620000e+03	   1.8930000e+03	   2.1290000e+03	   2.3720000e+03	   2.5000000e+03	   2.5000000e+03	   2.5000000e+03	   2.5000000e+03	   2.5000000e+03	   2.5000000e+03	   2.5000000e+03	   2.5000000e+03	   2.5000000e+03	
   1.1380000e+03	   1.3500000e+03	   1.3170000e+03	   1.3800000e+03	   1.3970000e+03	   1.6170000e+03	   1.6400000e+03	   1.8660000e+03	   1.8970000e+03	   2.1330000e+03	   2.3770000e+03	   2.5000000e+03	   2.5000000e+03	   2.5000000e+03	   2.5000000e+03	   2.5000000e+03	   2.5000000e+03	   2.5000000e+03	   2.5000000e+03	   2.5000000e+03	
   1.1400000e+03	   1.3530000e+03	   1.3210000e+03	   1.3830000e+03	   1.6010000e+03	   1.6210000e+03	   1.6440000e+03	   1.8700000e+03	   2.1010000e+03	   2.1380000e+03	   2.3820000e+03	   2.5000000e+03	   2.5000000e+03	   2.5000000e+03	   2.5000000e+03	   2.5000000e+03	   2.5000000e+03	   2.5000000e+03	   2.5000000e+03	   2.5000000e+03	
   1.1430000e+03	   1.3560000e+03	   1.3240000e+03	   1.3860000e+03	   1.6040000e+03	   1.6240000e+03	   1.6470000e+03	   1.8740000e+03	   2.1050000e+03	   2.1420000e+03	   2.3870000e+03	   2.5000000e+03	   2.5000000e+03	   2.5000000e+03	   2.5000000e+03	   2.5000000e+03	   2.5000000e+03	   2.5000000e+03	   2.5000000e+03	   2.5000000e+03	
   1.1450000e+03	   1.3580000e+03	   1.3270000e+03	   1.3890000e+03	   1.6070000e+03	   1.6270000e+03	   1.8510000e+03	   1.8780000e+03	   2.1090000e+03	   2.1470000e+03	   2.3920000e+03	   2.5000000e+03	   2.5000000e+03	   2.5000000e+03	   2.5000000e+03	   2.5000000e+03	   2.5000000e+03	   2.5000000e+03	   2.5000000e+03	   2.5000000e+03	
   1.1480000e+03	   1.3610000e+03	   1.3310000e+03	   1.3920000e+03	   1.6100000e+03	   1.6310000e+03	   1.8540000e+03	   1.8820000e+03	   2.1140000e+03	   2.3510000e+03	   2.3970000e+03	   2.5000000e+03	   2.5000000e+03	   2.5000000e+03	   2.5000000e+03	   2.5000000e+03	   2.5000000e+03	   2.5000000e+03	   2.5000000e+03	   2.5000000e+03	
   1.3500000e+03	   1.3630000e+03	   1.3340000e+03	   1.3950000e+03	   1.6130000e+03	   1.6340000e+03	   1.8580000e+03	   1.8860000e+03	   2.1180000e+03	   2.3560000e+03	   2.5000000e+03	   2.5000000e+03	   2.5000000e+03	   2.5000000e+03	   2.5000000e+03	   2.5000000e+03	   2.5000000e+03	   2.5000000e+03	   2.5000000e+03	   2.5000000e+03	
   1.3530000e+03	   1.3660000e+03	   1.3370000e+03	   1.3980000e+03	   1.6160000e+03	   1.6370000e+03	   1.8620000e+03	   1.8890000e+03	   2.1220000e+03	   2.3600000e+03	   2.5000000e+03	   2.5000000e+03	   2.5000000e+03	   2.5000000e+03	   2.5000000e+03	   2.5000000e+03	   2.5000000e+03	   2.5000000e+03	   2.5000000e+03	   2.5000000e+03	
   1.3550000e+03	   1.3690000e+03	   1.3410000e+03	   1.6000000e+03	   1.6190000e+03	   1.6410000e+03	   1.8650000e+03	   1.8930000e+03	   2.1260000e+03	   2.3650000e+03	   2.5000000e+03	   2.5000000e+03	   2.5000000e+03	   2.5000000e+03	   2.5000000e+03	   2.5000000e+03	   2.5000000e+03	   2.5000000e+03	   2.5000000e+03	   2.5000000e+03	
   1.3580000e+03	   1.3710000e+03	   1.3440000e+03	   1.6030000e+03	   1.6220000e+03	   1.6440000e+03	   1.8690000e+03	   1.8970000e+03	   2.1300000e+03	   2.3690000e+03	   2.5000000e+03	   2.5000000e+03	   2.5000000e+03	   2.5000000e+03	   2.5000000e+03	   2.5000000e+03	   2.5000000e+03	   2.5000000e+03	   2.5000000e+03	   2.5000000e+03	
   1.3600000e+03	   1.3740000e+03	   1.3470000e+03	   1.6060000e+03	   1.6260000e+03	   1.6470000e+03	   1.8720000e+03	   2.1010000e+03	   2.1340000e+03	   2.3740000e+03	   2.5000000e+03	   2.5000000e+03	   2.5000000e+03	   2.5000000e+03	   2.5000000e+03	   2.5000000e+03	   2.5000000e+03	   2.5000000e+03	   2.5000000e+03	   2.5000000e+03	
   1.3630000e+03	   1.3770000e+03	   1.5010000e+03	   1.6090000e+03	   1.6290000e+03	   1.8510000e+03	   1.8760000e+03	   2.1050000e+03	   2.1390000e+03	   2.3790000e+03	   2.5000000e+03	   2.5000000e+03	   2.5000000e+03	   2.5000000e+03	   2.5000000e+03	   2.5000000e+03	   2.5000000e+03	   2.5000000e+03	   2.5000000e+03	   2.5000000e+03	
   1.3650000e+03	   1.3790000e+03	   1.5040000e+03	   1.6120000e+03	   1.6320000e+03	   1.8540000e+03	   1.8790000e+03	   2.1090000e+03	   2.1430000e+03	   2.3830000e+03	   2.5000000e+03	   2.5000000e+03	   2.5000000e+03	   2.5000000e+03	   2.5000000e+03	   2.5000000e+03	   2.5000000e+03	   2.5000000e+03	   2.5000000e+03	   2.5000000e+03	
   1.3680000e+03	   1.3820000e+03	   1.5070000e+03	   1.6150000e+03	   1.6350000e+03	   1.8570000e+03	   1.8830000e+03	   2.1120000e+03	   2.1470000e+03	   2.3880000e+03	   2.5000000e+03	   2.5000000e+03	   2.5000000e+03	   2.5000000e+03	   2.5000000e+03	   2.5000000e+03	   2.5000000e+03	   2.5000000e+03	   2.5000000e+03	   2.5000000e+03	
   1.3700000e+03	   1.3850000e+03	   1.5110000e+03	   1.6180000e+03	   1.6380000e+03	   1.8610000e+03	   1.8870000e+03	   2.1160000e+03	   2.3510000e+03	   2.3920000e+03	   2.5000000e+03	   2.5000000e+03	   2.5000000e+03	   2.5000000e+03	   2.5000000e+03	   2.5000000e+03	   2.5000000e+03	   2.5000000e+03	   2.5000000e+03	   2.5000000e+03	
   1.3730000e+03	   1.3870000e+03	   1.5140000e+03	   1.6210000e+03	   1.6410000e+03	   1.8640000e+03	   1.8900000e+03	   2.1200000e+03	   2.3550000e+03	   2.3970000e+03	   2.5000000e+03	   2.5000000e+03	   2.5000000e+03	   2.5000000e+03	   2.5000000e+03	   2.5000000e+03	   2.5000000e+03	   2.5000000e+03	   2.5000000e+03	   2.5000000e+03	
   1.3750000e+03	   1.3900000e+03	   1.5170000e+03	   1.6240000e+03	   1.6440000e+03	   1.8670000e+03	   1.8940000e+03	   2.1240000e+03	   2.3590000e+03	   2.5000000e+03	   2.5000000e+03	   2.5000000e+03	   2.5000000e+03	   2.5000000e+03	   2.5000000e+03	   2.5000000e+03	   2.5000000e+03	   2.5000000e+03	   2.5000000e+03	   2.5000000e+03	
   1.3780000e+03	   1.3920000e+03	   1.5210000e+03	   1.6270000e+03	   1.6470000e+03	   1.8710000e+03	   1.8970000e+03	   2.1280000e+03	   2.3640000e+03	   2.5000000e+03	   2.5000000e+03	   2.5000000e+03	   2.5000000e+03	   2.5000000e+03	   2.5000000e+03	   2.5000000e+03	   2.5000000e+03	   2.5000000e+03	   2.5000000e+03	   2.5000000e+03	
   1.3800000e+03	   1.3950000e+03	   1.5240000e+03	   1.6300000e+03	   1.8510000e+03	   1.8740000e+03	   2.1010000e+03	   2.1320000e+03	   2.3680000e+03	   2.5000000e+03	   2.5000000e+03	   2.5000000e+03	   2.5000000e+03	   2.5000000e+03	   2.5000000e+03	   2.5000000e+03	   2.5000000e+03	   2.5000000e+03	   2.5000000e+03	   2.5000000e+03	
   1.3830000e+03	   1.3980000e+03	   1.5270000e+03	   1.6330000e+03	   1.8540000e+03	   1.8770000e+03	   2.1040000e+03	   2.1360000e+03	   2.3720000e+03	   2.5000000e+03	   2.5000000e+03	   2.5000000e+03	   2.5000000e+03	   2.5000000e+03	   2.5000000e+03	   2.5000000e+03	   2.5000000e+03	   2.5000000e+03	   2.5000000e+03	   2.5000000e+03	
   1.3850000e+03	   1.6000000e+03	   1.5310000e+03	   1.6360000e+03	   1.8570000e+03	   1.8810000e+03	   2.1080000e+03	   2.1390000e+03	   2.3760000e+03	   2.5000000e+03	   2.5000000e+03	   2.5000000e+03	   2.5000000e+03	   2.5000000e+03	   2.5000000e+03	   2.5000000e+03	   2.5000000e+03	   2.5000000e+03	   2.5000000e+03	   2.5000000e+03	
   1.3880000e+03	   1.6030000e+03	   1.5340000e+03	   1.6390000e+03	   1.8600000e+03	   1.8840000e+03	   2.1120000e+03	   2.1430000e+03	   2.3800000e+03	   2.5000000e+03	   2.5000000e+03	   2.5000000e+03	   2.5000000e+03	   2.5000000e+03	   2.5000000e+03	   2.5000000e+03	   2.5000000e+03	   2.5000000e+03	   2.5000000e+03	   2.5000000e+03	
   1.3900000e+03	   1.6060000e+03	   1.5370000e+03	   1.6420000e+03	   1.8630000e+03	   1.8870000e+03	   2.1150000e+03	   2.1470000e+03	   2.3840000e+03	   2.5000000e+03	   2.5000000e+03	   2.5000000e+03	   2.5000000e+03	   2.5000000e+03	   2.5000000e+03	   2.5000000e+03	   2.5000000e+03	   2.5000000e+03	   2.5000000e+03	   2.5000000e+03	
   1.3930000e+03	   1.6080000e+03	   1.5410000e+03	   1.6450000e+03	   1.8660000e+03	   1.8910000e+03	   2.1190000e+03	   2.3510000e+03	   2.3890000e+03	   2.5000000e+03	   2.5000000e+03	   2.5000000e+03	   2.5000000e+03	   2.5000000e+03	   2.5000000e+03	   2.5000000e+03	   2.5000000e+03	   2.5000000e+03	   2.5000000e+03	   2.5000000e+03	
   1.3950000e+03	   1.6110000e+03	   1.5440000e+03	   1.6480000e+03	   1.8690000e+03	   1.8940000e+03	   2.1220000e+03	   2.3550000e+03	   2.3930000e+03	   2.5000000e+03	   2.5000000e+03	   2.5000000e+03	   2.5000000e+03	   2.5000000e+03	   2.5000000e+03	   2.5000000e+03	   2.5000000e+03	   2.5000000e+03	   2.5000000e+03	   2.5000000e+03	
   1.3980000e+03	   1.6130000e+03	   1.5470000e+03	   1.8500000e+03	   1.8720000e+03	   1.8970000e+03	   2.1260000e+03	   2.3590000e+03	   2.3970000e+03	   2.5000000e+03	   2.5000000e+03	   2.5000000e+03	   2.5000000e+03	   2.5000000e+03	   2.5000000e+03	   2.5000000e+03	   2.5000000e+03	   2.5000000e+03	   2.5000000e+03	   2.5000000e+03	
   1.6000000e+03	   1.6160000e+03	   1.7010000e+03	   1.8530000e+03	   1.8760000e+03	   2.1010000e+03	   2.1290000e+03	   2.3620000e+03	   2.5000000e+03	   2.5000000e+03	   2.5000000e+03	   2.5000000e+03	   2.5000000e+03	   2.5000000e+03	   2.5000000e+03	   2.5000000e+03	   2.5000000e+03	   2.5000000e+03	   2.5000000e+03	   2.5000000e+03	
   1.6030000e+03	   1.6190000e+03	   1.7040000e+03	   1.8560000e+03	   1.8790000e+03	   2.1040000e+03	   2.1330000e+03	   2.3660000e+03	   2.5000000e+03	   2.5000000e+03	   2.5000000e+03	   2.5000000e+03	   2.5000000e+03	   2.5000000e+03	   2.5000000e+03	   2.5000000e+03	   2.5000000e+03	   2.5000000e+03	   2.5000000e+03	   2.5000000e+03	
   1.6050000e+03	   1.6210000e+03	   1.7070000e+03	   1.8590000e+03	   1.8820000e+03	   2.1070000e+03	   2.1370000e+03	   2.3700000e+03	   2.5000000e+03	   2.5000000e+03	   2.5000000e+03	   2.5000000e+03	   2.5000000e+03	   2.5000000e+03	   2.5000000e+03	   2.5000000e+03	   2.5000000e+03	   2.5000000e+03	   2.5000000e+03	   2.5000000e+03	
   1.6080000e+03	   1.6240000e+03	   1.7110000e+03	   1.8620000e+03	   1.8850000e+03	   2.1110000e+03	   2.1400000e+03	   2.3740000e+03	   2.5000000e+03	   2.5000000e+03	   2.5000000e+03	   2.5000000e+03	   2.5000000e+03	   2.5000000e+03	   2.5000000e+03	   2.5000000e+03	   2.5000000e+03	   2.5000000e+03	   2.5000000e+03	   2.5000000e+03	
   1.6100000e+03	   1.6270000e+03	   1.7140000e+03	   1.8650000e+03	   1.8880000e+03	   2.1140000e+03	   2.1440000e+03	   2.3780000e+03	   2.5000000e+03	   2.5000000e+03	   2.5000000e+03	   2.5000000e+03	   2.5000000e+03	   2.5000000e+03	   2.5000000e+03	   2.5000000e+03	   2.5000000e+03	   2.5000000e+03	   2.5000000e+03	   2.5000000e+03	
   1.6130000e+03	   1.6290000e+03	   1.7170000e+03	   1.8680000e+03	   1.8910000e+03	   2.1170000e+03	   2.1470000e+03	   2.3820000e+03	   2.5000000e+03	   2.5000000e+03	   2.5000000e+03	   2.5000000e+03	   2.5000000e+03	   2.5000000e+03	   2.5000000e+03	   2.5000000e+03	   2.5000000e+03	   2.5000000e+03	   2.5000000e+03	   2.5000000e+03	
   1.6150000e+03	   1.6320000e+03	   1.7210000e+03	   1.8710000e+03	   1.8940000e+03	   2.1210000e+03	   2.3510000e+03	   2.3860000e+03	   2.5000000e+03	   2.5000000e+03	   2.5000000e+03	   2.5000000e+03	   2.5000000e+03	   2.5000000e+03	   2.5000000e+03	   2.5000000e+03	   2.5000000e+03	   2.5000000e+03	   2.5000000e+03	   2.5000000e+03	
   1.6180000e+03	   1.6350000e+03	   1.7240000e+03	   1.8740000e+03	   1.8970000e+03	   2.1240000e+03	   2.3540000e+03	   2.3890000e+03	   2.5000000e+03	   2.5000000e+03	   2.5000000e+03	   2.5000000e+03	   2.5000000e+03	   2.5000000e+03	   2.5000000e+03	   2.5000000e+03	   2.5000000e+03	   2.5000000e+03	   2.5000000e+03	   2.5000000e+03	
   1.6200000e+03	   1.6370000e+03	   1.7270000e+03	   1.8770000e+03	   2.1010000e+03	   2.1270000e+03	   2.3580000e+03	   2.3930000e+03	   2.5000000e+03	   2.5000000e+03	   2.5000000e+03	   2.5000000e+03	   2.5000000e+03	   2.5000000e+03	   2.5000000e+03	   2.5000000e+03	   2.5000000e+03	   2.5000000e+03	   2.5000000e+03	   2.5000000e+03	
   1.6230000e+03	   1.6400000e+03	   1.7310000e+03	   1.8800000e+03	   2.1040000e+03	   2.1310000e+03	   2.3620000e+03	   2.3970000e+03	   2.5000000e+03	   2.5000000e+03	   2.5000000e+03	   2.5000000e+03	   2.5000000e+03	   2.5000000e+03	   2.5000000e+03	   2.5000000e+03	   2.5000000e+03	   2.5000000e+03	   2.5000000e+03	   2.5000000e+03	
   1.6250000e+03	   1.6420000e+03	   1.7340000e+03	   1.8830000e+03	   2.1070000e+03	   2.1340000e+03	   2.3650000e+03	   2.5000000e+03	   2.5000000e+03	   2.5000000e+03	   2.5000000e+03	   2.5000000e+03	   2.5000000e+03	   2.5000000e+03	   2.5000000e+03	   2.5000000e+03	   2.5000000e+03	   2.5000000e+03	   2.5000000e+03	   2.5000000e+03	
   1.6280000e+03	   1.6450000e+03	   1.7370000e+03	   1.8860000e+03	   2.1100000e+03	   2.1370000e+03	   2.3690000e+03	   2.5000000e+03	   2.5000000e+03	   2.5000000e+03	   2.5000000e+03	   2.5000000e+03	   2.5000000e+03	   2.5000000e+03	   2.5000000e+03	   2.5000000e+03	   2.5000000e+03	   2.5000000e+03	   2.5000000e+03	   2.5000000e+03	
   1.6300000e+03	   1.6480000e+03	   1.7410000e+03	   1.8890000e+03	   2.1130000e+03	   2.1410000e+03	   2.3720000e+03	   2.5000000e+03	   2.5000000e+03	   2.5000000e+03	   2.5000000e+03	   2.5000000e+03	   2.5000000e+03	   2.5000000e+03	   2.5000000e+03	   2.5000000e+03	   2.5000000e+03	   2.5000000e+03	   2.5000000e+03	   2.5000000e+03	
   1.6330000e+03	   1.8500000e+03	   1.7440000e+03	   1.8920000e+03	   2.1160000e+03	   2.1440000e+03	   2.3760000e+03	   2.5000000e+03	   2.5000000e+03	   2.5000000e+03	   2.5000000e+03	   2.5000000e+03	   2.5000000e+03	   2.5000000e+03	   2.5000000e+03	   2.5000000e+03	   2.5000000e+03	   2.5000000e+03	   2.5000000e+03	   2.5000000e+03	
   1.6350000e+03	   1.8530000e+03	   1.7470000e+03	   1.8950000e+03	   2.1190000e+03	   2.1470000e+03	   2.3790000e+03	   2.5000000e+03	   2.5000000e+03	   2.5000000e+03	   2.5000000e+03	   2.5000000e+03	   2.5000000e+03	   2.5000000e+03	   2.5000000e+03	   2.5000000e+03	   2.5000000e+03	   2.5000000e+03	   2.5000000e+03	   2.5000000e+03	
   1.6380000e+03	   1.8560000e+03	   1.9510000e+03	   1.8980000e+03	   2.1220000e+03	   2.3510000e+03	   2.3830000e+03	   2.5000000e+03	   2.5000000e+03	   2.5000000e+03	   2.5000000e+03	   2.5000000e+03	   2.5000000e+03	   2.5000000e+03	   2.5000000e+03	   2.5000000e+03	   2.5000000e+03	   2.5000000e+03	   2.5000000e+03	   2.5000000e+03	
   1.6400000e+03	   1.8580000e+03	   1.9540000e+03	   2.1000000e+03	   2.1260000e+03	   2.3540000e+03	   2.3870000e+03	   2.5000000e+03	   2.5000000e+03	   2.5000000e+03	   2.5000000e+03	   2.5000000e+03	   2.5000000e+03	   2.5000000e+03	   2.5000000e+03	   2.5000000e+03	   2.5000000e+03	   2.5000000e+03	   2.5000000e+03	   2.5000000e+03	
   1.6430000e+03	   1.8610000e+03	   1.9570000e+03	   2.1030000e+03	   2.1290000e+03	   2.3570000e+03	   2.3900000e+03	   2.5000000e+03	   2.5000000e+03	   2.5000000e+03	   2.5000000e+03	   2.5000000e+03	   2.5000000e+03	   2.5000000e+03	   2.5000000e+03	   2.5000000e+03	   2.5000000e+03	   2.5000000e+03	   2.5000000e+03	   2.5000000e+03	
   1.6450000e+03	   1.8630000e+03	   1.9610000e+03	   2.1060000e+03	   2.1320000e+03	   2.3610000e+03	   2.3940000e+03	   2.5000000e+03	   2.5000000e+03	   2.5000000e+03	   2.5000000e+03	   2.5000000e+03	   2.5000000e+03	   2.5000000e+03	   2.5000000e+03	   2.5000000e+03	   2.5000000e+03	   2.5000000e+03	   2.5000000e+03	   2.5000000e+03	
   1.6480000e+03	   1.8660000e+03	   1.9640000e+03	   2.1090000e+03	   2.1350000e+03	   2.3640000e+03	   2.3970000e+03	   2.5000000e+03	   2.5000000e+03	   2.5000000e+03	   2.5000000e+03	   2.5000000e+03	   2.5000000e+03	   2.5000000e+03	   2.5000000e+03	   2.5000000e+03	   2.5000000e+03	   2.5000000e+03	   2.5000000e+03	   2.5000000e+03	
   1.8500000e+03	   1.8690000e+03	   1.9670000e+03	   2.1120000e+03	   2.1380000e+03	   2.3670000e+03	   2.5000000e+03	   2.5000000e+03	   2.5000000e+03	   2.5000000e+03	   2.5000000e+03	   2.5000000e+03	   2.5000000e+03	   2.5000000e+03	   2.5000000e+03	   2.5000000e+03	   2.5000000e+03	   2.5000000e+03	   2.5000000e+03	   2.5000000e+03	
   1.8530000e+03	   1.8710000e+03	   1.9710000e+03	   2.1150000e+03	   2.1410000e+03	   2.3710000e+03	   2.5000000e+03	   2.5000000e+03	   2.5000000e+03	   2.5000000e+03	   2.5000000e+03	   2.5000000e+03	   2.5000000e+03	   2.5000000e+03	   2.5000000e+03	   2.5000000e+03	   2.5000000e+03	   2.5000000e+03	   2.5000000e+03	   2.5000000e+03	
   1.8550000e+03	   1.8740000e+03	   1.9740000e+03	   2.1180000e+03	   2.1440000e+03	   2.3740000e+03	   2.5000000e+03	   2.5000000e+03	   2.5000000e+03	   2.5000000e+03	   2.5000000e+03	   2.5000000e+03	   2.5000000e+03	   2.5000000e+03	   2.5000000e+03	   2.5000000e+03	   2.5000000e+03	   2.5000000e+03	   2.5000000e+03	   2.5000000e+03	
   1.8580000e+03	   1.8770000e+03	   1.9770000e+03	   2.1210000e+03	   2.1470000e+03	   2.3770000e+03	   2.5000000e+03	   2.5000000e+03	   2.5000000e+03	   2.5000000e+03	   2.5000000e+03	   2.5000000e+03	   2.5000000e+03	   2.5000000e+03	   2.5000000e+03	   2.5000000e+03	   2.5000000e+03	   2.5000000e+03	   2.5000000e+03	   2.5000000e+03	
   1.8600000e+03	   1.8790000e+03	   1.9810000e+03	   2.1240000e+03	   2.3510000e+03	   2.3810000e+03	   2.5000000e+03	   2.5000000e+03	   2.5000000e+03	   2.5000000e+03	   2.5000000e+03	   2.5000000e+03	   2.5000000e+03	   2.5000000e+03	   2.5000000e+03	   2.5000000e+03	   2.5000000e+03	   2.5000000e+03	   2.5000000e+03	   2.5000000e+03	
   1.8630000e+03	   1.8820000e+03	   1.9840000e+03	   2.1270000e+03	   2.3540000e+03	   2.3840000e+03	   2.5000000e+03	   2.5000000e+03	   2.5000000e+03	   2.5000000e+03	   2.5000000e+03	   2.5000000e+03	   2.5000000e+03	   2.5000000e+03	   2.5000000e+03	   2.5000000e+03	   2.5000000e+03	   2.5000000e+03	   2.5000000e+03	   2.5000000e+03	
   1.8650000e+03	   1.8850000e+03	   1.9870000e+03	   2.1300000e+03	   2.3570000e+03	   2.3870000e+03	   2.5000000e+03	   2.5000000e+03	   2.5000000e+03	   2.5000000e+03	   2.5000000e+03	   2.5000000e+03	   2.5000000e+03	   2.5000000e+03	   2.5000000e+03	   2.5000000e+03	   2.5000000e+03	   2.5000000e+03	   2.5000000e+03	   2.5000000e+03	
   1.8680000e+03	   1.8870000e+03	   1.9910000e+03	   2.1330000e+03	   2.3600000e+03	   2.3910000e+03	   2.5000000e+03	   2.5000000e+03	   2.5000000e+03	   2.5000000e+03	   2.5000000e+03	   2.5000000e+03	   2.5000000e+03	   2.5000000e+03	   2.5000000e+03	   2.5000000e+03	   2.5000000e+03	   2.5000000e+03	   2.5000000e+03	   2.5000000e+03	
   1.8700000e+03	   1.8900000e+03	   1.9940000e+03	   2.1360000e+03	   2.3630000e+03	   2.3940000e+03	   2.5000000e+03	   2.5000000e+03	   2.5000000e+03	   2.5000000e+03	   2.5000000e+03	   2.5000000e+03	   2.5000000e+03	   2.5000000e+03	   2.5000000e+03	   2.5000000e+03	   2.5000000e+03	   2.5000000e+03	   2.5000000e+03	   2.5000000e+03	
   1.8730000e+03	   1.8920000e+03	   1.9970000e+03	   2.1390000e+03	   2.3660000e+03	   2.3970000e+03	   2.5000000e+03	   2.5000000e+03	   2.5000000e+03	   2.5000000e+03	   2.5000000e+03	   2.5000000e+03	   2.5000000e+03	   2.5000000e+03	   2.5000000e+03	   2.5000000e+03	   2.5000000e+03	   2.5000000e+03	   2.5000000e+03	   2.5000000e+03	
   1.8750000e+03	   1.8950000e+03	   2.1510000e+03	   2.1420000e+03	   2.3690000e+03	   2.5000000e+03	   2.5000000e+03	   2.5000000e+03	   2.5000000e+03	   2.5000000e+03	   2.5000000e+03	   2.5000000e+03	   2.5000000e+03	   2.5000000e+03	   2.5000000e+03	   2.5000000e+03	   2.5000000e+03	   2.5000000e+03	   2.5000000e+03	   2.5000000e+03	
   1.8780000e+03	   1.8980000e+03	   2.1540000e+03	   2.1450000e+03	   2.3720000e+03	   2.5000000e+03	   2.5000000e+03	   2.5000000e+03	   2.5000000e+03	   2.5000000e+03	   2.5000000e+03	   2.5000000e+03	   2.5000000e+03	   2.5000000e+03	   2.5000000e+03	   2.5000000e+03	   2.5000000e+03	   2.5000000e+03	   2.5000000e+03	   2.5000000e+03	
   1.8800000e+03	   2.1000000e+03	   2.1570000e+03	   2.1480000e+03	   2.3760000e+03	   2.5000000e+03	   2.5000000e+03	   2.5000000e+03	   2.5000000e+03	   2.5000000e+03	   2.5000000e+03	   2.5000000e+03	   2.5000000e+03	   2.5000000e+03	   2.5000000e+03	   2.5000000e+03	   2.5000000e+03	   2.5000000e+03	   2.5000000e+03	   2.5000000e+03	
   1.8830000e+03	   2.1030000e+03	   2.1610000e+03	   2.3500000e+03	   2.3790000e+03	   2.5000000e+03	   2.5000000e+03	   2.5000000e+03	   2.5000000e+03	   2.5000000e+03	   2.5000000e+03	   2.5000000e+03	   2.5000000e+03	   2.5000000e+03	   2.5000000e+03	   2.5000000e+03	   2.5000000e+03	   2.5000000e+03	   2.5000000e+03	   2.5000000e+03	
   1.8850000e+03	   2.1060000e+03	   2.1640000e+03	   2.3530000e+03	   2.3820000e+03	   2.5000000e+03	   2.5000000e+03	   2.5000000e+03	   2.5000000e+03	   2.5000000e+03	   2.5000000e+03	   2.5000000e+03	   2.5000000e+03	   2.5000000e+03	   2.5000000e+03	   2.5000000e+03	   2.5000000e+03	   2.5000000e+03	   2.5000000e+03	   2.5000000e+03	
   1.8880000e+03	   2.1080000e+03	   2.1670000e+03	   2.3560000e+03	   2.3850000e+03	   2.5000000e+03	   2.5000000e+03	   2.5000000e+03	   2.5000000e+03	   2.5000000e+03	   2.5000000e+03	   2.5000000e+03	   2.5000000e+03	   2.5000000e+03	   2.5000000e+03	   2.5000000e+03	   2.5000000e+03	   2.5000000e+03	   2.5000000e+03	   2.5000000e+03	
   1.8900000e+03	   2.1110000e+03	   2.1710000e+03	   2.3590000e+03	   2.3880000e+03	   2.5000000e+03	   2.5000000e+03	   2.5000000e+03	   2.5000000e+03	   2.5000000e+03	   2.5000000e+03	   2.5000000e+03	   2.5000000e+03	   2.5000000e+03	   2.5000000e+03	   2.5000000e+03	   2.5000000e+03	   2.5000000e+03	   2.5000000e+03	   2.5000000e+03	
   1.8930000e+03	   2.1130000e+03	   2.1740000e+03	   2.3620000e+03	   2.3910000e+03	   2.5000000e+03	   2.5000000e+03	   2.5000000e+03	   2.5000000e+03	   2.5000000e+03	   2.5000000e+03	   2.5000000e+03	   2.5000000e+03	   2.5000000e+03	   2.5000000e+03	   2.5000000e+03	   2.5000000e+03	   2.5000000e+03	   2.5000000e+03	   2.5000000e+03	
   1.8950000e+03	   2.1160000e+03	   2.1770000e+03	   2.3650000e+03	   2.3940000e+03	   2.5000000e+03	   2.5000000e+03	   2.5000000e+03	   2.5000000e+03	   2.5000000e+03	   2.5000000e+03	   2.5000000e+03	   2.5000000e+03	   2.5000000e+03	   2.5000000e+03	   2.5000000e+03	   2.5000000e+03	   2.5000000e+03	   2.5000000e+03	   2.5000000e+03	
   1.8980000e+03	   2.1190000e+03	   2.1810000e+03	   2.3680000e+03	   2.3970000e+03	   2.5000000e+03	   2.5000000e+03	   2.5000000e+03	   2.5000000e+03	   2.5000000e+03	   2.5000000e+03	   2.5000000e+03	   2.5000000e+03	   2.5000000e+03	   2.5000000e+03	   2.5000000e+03	   2.5000000e+03	   2.5000000e+03	   2.5000000e+03	   2.5000000e+03	
   2.1000000e+03	   2.1210000e+03	   2.1840000e+03	   2.3710000e+03	   2.5000000e+03	   2.5000000e+03	   2.5000000e+03	   2.5000000e+03	   2.5000000e+03	   2.5000000e+03	   2.5000000e+03	   2.5000000e+03	   2.5000000e+03	   2.5000000e+03	   2.5000000e+03	   2.5000000e+03	   2.5000000e+03	   2.5000000e+03	   2.5000000e+03	   2.5000000e+03	
   2.1030000e+03	   2.1240000e+03	   2.1870000e+03	   2.3740000e+03	   2.5000000e+03	   2.5000000e+03	   2.5000000e+03	   2.5000000e+03	   2.5000000e+03	   2.5000000e+03	   2.5000000e+03	   2.5000000e+03	   2.5000000e+03	   2.5000000e+03	   2.5000000e+03	   2.5000000e+03	   2.5000000e+03	   2.5000000e+03	   2.5000000e+03	   2.5000000e+03	
   2.1050000e+03	   2.1270000e+03	   2.1910000e+03	   2.3770000e+03	   2.5000000e+03	   2.5000000e+03	   2.5000000e+03	   2.5000000e+03	   2.5000000e+03	   2.5000000e+03	   2.5000000e+03	   2.5000000e+03	   2.5000000e+03	   2.5000000e+03	   2.5000000e+03	   2.5000000e+03	   2.5000000e+03	   2.5000000e+03	   2.5000000e+03	   2.5000000e+03	
   2.1080000e+03	   2.1290000e+03	   2.1940000e+03	   2.3800000e+03	   2.5000000e+03	   2.5000000e+03	   2.5000000e+03	   2.5000000e+03	   2.5000000e+03	   2.5000000e+03	   2.5000000e+03	   2.5000000e+03	   2.5000000e+03	   2.5000000e+03	   2.5000000e+03	   2.5000000e+03	   2.5000000e+03	   2.5000000e+03	   2.5000000e+03	   2.5000000e+03	
   2.1100000e+03	   2.1320000e+03	   2.1970000e+03	   2.3830000e+03	   2.5000000e+03	   2.5000000e+03	   2.5000000e+03	   2.5000000e+03	   2.5000000e+03	   2.5000000e+03	   2.5000000e+03	   2.5000000e+03	   2.5000000e+03	   2.5000000e+03	   2.5000000e+03	   2.5000000e+03	   2.5000000e+03	   2.5000000e+03	   2.5000000e+03	   2.5000000e+03	
   2.1130000e+03	   2.1350000e+03	   2.3510000e+03	   2.3860000e+03	   2.5000000e+03	   2.5000000e+03	   2.5000000e+03	   2.5000000e+03	   2.5000000e+03	   2.5000000e+03	   2.5000000e+03	   2.5000000e+03	   2.5000000e+03	   2.5000000e+03	   2.5000000e+03	   2.5000000e+03	   2.5000000e+03	   2.5000000e+03	   2.5000000e+03	   2.5000000e+03	
   2.1150000e+03	   2.1370000e+03	   2.3540000e+03	   2.3890000e+03	   2.5000000e+03	   2.5000000e+03	   2.5000000e+03	   2.5000000e+03	   2.5000000e+03	   2.5000000e+03	   2.5000000e+03	   2.5000000e+03	   2.5000000e+03	   2.5000000e+03	   2.5000000e+03	   2.5000000e+03	   2.5000000e+03	   2.5000000e+03	   2.5000000e+03	   2.5000000e+03	
   2.1180000e+03	   2.1400000e+03	   2.3570000e+03	   2.3920000e+03	   2.5000000e+03	   2.5000000e+03	   2.5000000e+03	   2.5000000e+03	   2.5000000e+03	   2.5000000e+03	   2.5000000e+03	   2.5000000e+03	   2.5000000e+03	   2.5000000e+03	   2.5000000e+03	   2.5000000e+03	   2.5000000e+03	   2.5000000e+03	   2.5000000e+03	   2.5000000e+03	
   2.1200000e+03	   2.1420000e+03	   2.3610000e+03	   2.3950000e+03	   2.5000000e+03	   2.5000000e+03	   2.5000000e+03	   2.5000000e+03	   2.5000000e+03	   2.5000000e+03	   2.5000000e+03	   2.5000000e+03	   2.5000000e+03	   2.5000000e+03	   2.5000000e+03	   2.5000000e+03	   2.5000000e+03	   2.5000000e+03	   2.5000000e+03	   2.5000000e+03	
   2.1230000e+03	   2.1450000e+03	   2.3640000e+03	   2.3980000e+03	   2.5000000e+03	   2.5000000e+03	   2.5000000e+03	   2.5000000e+03	   2.5000000e+03	   2.5000000e+03	   2.5000000e+03	   2.5000000e+03	   2.5000000e+03	   2.5000000e+03	   2.5000000e+03	   2.5000000e+03	   2.5000000e+03	   2.5000000e+03	   2.5000000e+03	   2.5000000e+03	
   2.1250000e+03	   2.1480000e+03	   2.3670000e+03	   2.5000000e+03	   2.5000000e+03	   2.5000000e+03	   2.5000000e+03	   2.5000000e+03	   2.5000000e+03	   2.5000000e+03	   2.5000000e+03	   2.5000000e+03	   2.5000000e+03	   2.5000000e+03	   2.5000000e+03	   2.5000000e+03	   2.5000000e+03	   2.5000000e+03	   2.5000000e+03	   2.5000000e+03	
   2.1280000e+03	   2.3500000e+03	   2.3710000e+03	   2.5000000e+03	   2.5000000e+03	   2.5000000e+03	   2.5000000e+03	   2.5000000e+03	   2.5000000e+03	   2.5000000e+03	   2.5000000e+03	   2.5000000e+03	   2.5000000e+03	   2.5000000e+03	   2.5000000e+03	   2.5000000e+03	   2.5000000e+03	   2.5000000e+03	   2.5000000e+03	   2.5000000e+03	
   2.1300000e+03	   2.3530000e+03	   2.3740000e+03	   2.5000000e+03	   2.5000000e+03	   2.5000000e+03	   2.5000000e+03	   2.5000000e+03	   2.5000000e+03	   2.5000000e+03	   2.5000000e+03	   2.5000000e+03	   2.5000000e+03	   2.5000000e+03	   2.5000000e+03	   2.5000000e+03	   2.5000000e+03	   2.5000000e+03	   2.5000000e+03	   2.5000000e+03	
   2.1330000e+03	   2.3560000e+03	   2.3770000e+03	   2.5000000e+03	   2.5000000e+03	   2.5000000e+03	   2.5000000e+03	   2.5000000e+03	   2.5000000e+03	   2.5000000e+03	   2.5000000e+03	   2.5000000e+03	   2.5000000e+03	   2.5000000e+03	   2.5000000e+03	   2.5000000e+03	   2.5000000e+03	   2.5000000e+03	   2.5000000e+03	   2.5000000e+03	
   2.1350000e+03	   2.3580000e+03	   2.3810000e+03	   2.5000000e+03	   2.5000000e+03	   2.5000000e+03	   2.5000000e+03	   2.5000000e+03	   2.5000000e+03	   2.5000000e+03	   2.5000000e+03	   2.5000000e+03	   2.5000000e+03	   2.5000000e+03	   2.5000000e+03	   2.5000000e+03	   2.5000000e+03	   2.5000000e+03	   2.5000000e+03	   2.5000000e+03	
   2.1380000e+03	   2.3610000e+03	   2.3840000e+03	   2.5000000e+03	   2.5000000e+03	   2.5000000e+03	   2.5000000e+03	   2.5000000e+03	   2.5000000e+03	   2.5000000e+03	   2.5000000e+03	   2.5000000e+03	   2.5000000e+03	   2.5000000e+03	   2.5000000e+03	   2.5000000e+03	   2.5000000e+03	   2.5000000e+03	   2.5000000e+03	   2.5000000e+03	
   2.1400000e+03	   2.3630000e+03	   2.3870000e+03	   2.5000000e+03	   2.5000000e+03	   2.5000000e+03	   2.5000000e+03	   2.5000000e+03	   2.5000000e+03	   2.5000000e+03	   2.5000000e+03	   2.5000000e+03	   2.5000000e+03	   2.5000000e+03	   2.5000000e+03	   2.5000000e+03	   2.5000000e+03	   2.5000000e+03	   2.5000000e+03	   2.5000000e+03	
   2.1430000e+03	   2.3660000e+03	   2.3910000e+03	   2.5000000e+03	   2.5000000e+03	   2.5000000e+03	   2.5000000e+03	   2.5000000e+03	   2.5000000e+03	   2.5000000e+03	   2.5000000e+03	   2.5000000e+03	   2.5000000e+03	   2.5000000e+03	   2.5000000e+03	   2.5000000e+03	   2.5000000e+03	   2.5000000e+03	   2.5000000e+03	   2.5000000e+03	
   2.1450000e+03	   2.3690000e+03	   2.3940000e+03	   2.5000000e+03	   2.5000000e+03	   2.5000000e+03	   2.5000000e+03	   2.5000000e+03	   2.5000000e+03	   2.5000000e+03	   2.5000000e+03	   2.5000000e+03	   2.5000000e+03	   2.5000000e+03	   2.5000000e+03	   2.5000000e+03	   2.5000000e+03	   2.5000000e+03	   2.5000000e+03	   2.5000000e+03	
   2.1480000e+03	   2.3710000e+03	   2.3970000e+03	   2.5000000e+03	   2.5000000e+03	   2.5000000e+03	   2.5000000e+03	   2.5000000e+03	   2.5000000e+03	   2.5000000e+03	   2.5000000e+03	   2.5000000e+03	   2.5000000e+03	   2.5000000e+03	   2.5000000e+03	   2.5000000e+03	   2.5000000e+03	   2.5000000e+03	   2.5000000e+03	   2.5000000e+03	
   2.3500000e+03	   2.3740000e+03	   2.5000000e+03	   2.5000000e+03	   2.5000000e+03	   2.5000000e+03	   2.5000000e+03	   2.5000000e+03	   2.5000000e+03	   2.5000000e+03	   2.5000000e+03	   2.5000000e+03	   2.5000000e+03	   2.5000000e+03	   2.5000000e+03	   2.5000000e+03	   2.5000000e+03	   2.5000000e+03	   2.5000000e+03	   2.5000000e+03	
   2.3530000e+03	   2.3770000e+03	   2.5000000e+03	   2.5000000e+03	   2.5000000e+03	   2.5000000e+03	   2.5000000e+03	   2.5000000e+03	   2.5000000e+03	   2.5000000e+03	   2.5000000e+03	   2.5000000e+03	   2.5000000e+03	   2.5000000e+03	   2.5000000e+03	   2.5000000e+03	   2.5000000e+03	   2.5000000e+03	   2.5000000e+03	   2.5000000e+03	
   2.3550000e+03	   2.3790000e+03	   2.5000000e+03	   2.5000000e+03	   2.5000000e+03	   2.5000000e+03	   2.5000000e+03	   2.5000000e+03	   2.5000000e+03	   2.5000000e+03	   2.5000000e+03	   2.5000000e+03	   2.5000000e+03	   2.5000000e+03	   2.5000000e+03	   2.5000000e+03	   2.5000000e+03	   2.5000000e+03	   2.5000000e+03	   2.5000000e+03	
   2.3580000e+03	   2.3820000e+03	   2.5000000e+03	   2.5000000e+03	   2.5000000e+03	   2.5000000e+03	   2.5000000e+03	   2.5000000e+03	   2.5000000e+03	   2.5000000e+03	   2.5000000e+03	   2.5000000e+03	   2.5000000e+03	   2.5000000e+03	   2.5000000e+03	   2.5000000e+03	   2.5000000e+03	   2.5000000e+03	   2.5000000e+03	   2.5000000e+03	
   2.3600000e+03	   2.3850000e+03	   2.5000000e+03	   2.5000000e+03	   2.5000000e+03	   2.5000000e+03	   2.5000000e+03	   2.5000000e+03	   2.5000000e+03	   2.5000000e+03	   2.5000000e+03	   2.5000000e+03	   2.5000000e+03	   2.5000000e+03	   2.5000000e+03	   2.5000000e+03	   2.5000000e+03	   2.5000000e+03	   2.5000000e+03	   2.5000000e+03	
   2.3630000e+03	   2.3870000e+03	   2.5000000e+03	   2.5000000e+03	   2.5000000e+03	   2.5000000e+03	   2.5000000e+03	   2.5000000e+03	   2.5000000e+03	   2.5000000e+03	   2.5000000e+03	   2.5000000e+03	   2.5000000e+03	   2.5000000e+03	   2.5000000e+03	   2.5000000e+03	   2.5000000e+03	   2.5000000e+03	   2.5000000e+03	   2.5000000e+03	
   2.3650000e+03	   2.3900000e+03	   2.5000000e+03	   2.5000000e+03	   2.5000000e+03	   2.5000000e+03	   2.5000000e+03	   2.5000000e+03	   2.5000000e+03	   2.5000000e+03	   2.5000000e+03	   2.5000000e+03	   2.5000000e+03	   2.5000000e+03	   2.5000000e+03	   2.5000000e+03	   2.5000000e+03	   2.5000000e+03	   2.5000000e+03	   2.5000000e+03	
   2.3680000e+03	   2.3920000e+03	   2.5000000e+03	   2.5000000e+03	   2.5000000e+03	   2.5000000e+03	   2.5000000e+03	   2.5000000e+03	   2.5000000e+03	   2.5000000e+03	   2.5000000e+03	   2.5000000e+03	   2.5000000e+03	   2.5000000e+03	   2.5000000e+03	   2.5000000e+03	   2.5000000e+03	   2.5000000e+03	   2.5000000e+03	   2.5000000e+03	
   2.3700000e+03	   2.3950000e+03	   2.5000000e+03	   2.5000000e+03	   2.5000000e+03	   2.5000000e+03	   2.5000000e+03	   2.5000000e+03	   2.5000000e+03	   2.5000000e+03	   2.5000000e+03	   2.5000000e+03	   2.5000000e+03	   2.5000000e+03	   2.5000000e+03	   2.5000000e+03	   2.5000000e+03	   2.5000000e+03	   2.5000000e+03	   2.5000000e+03	
   2.3730000e+03	   2.3980000e+03	   2.5000000e+03	   2.5000000e+03	   2.5000000e+03	   2.5000000e+03	   2.5000000e+03	   2.5000000e+03	   2.5000000e+03	   2.5000000e+03	   2.5000000e+03	   2.5000000e+03	   2.5000000e+03	   2.5000000e+03	   2.5000000e+03	   2.5000000e+03	   2.5000000e+03	   2.5000000e+03	   2.5000000e+03	   2.5000000e+03	
   2.3750000e+03	   2.5000000e+03	   2.5000000e+03	   2.5000000e+03	   2.5000000e+03	   2.5000000e+03	   2.5000000e+03	   2.5000000e+03	   2.5000000e+03	   2.5000000e+03	   2.5000000e+03	   2.5000000e+03	   2.5000000e+03	   2.5000000e+03	   2.5000000e+03	   2.5000000e+03	   2.5000000e+03	   2.5000000e+03	   2.5000000e+03	   2.5000000e+03	
   2.3780000e+03	   2.5000000e+03	   2.5000000e+03	   2.5000000e+03	   2.5000000e+03	   2.5000000e+03	   2.5000000e+03	   2.5000000e+03	   2.5000000e+03	   2.5000000e+03	   2.5000000e+03	   2.5000000e+03	   2.5000000e+03	   2.5000000e+03	   2.5000000e+03	   2.5000000e+03	   2.5000000e+03	   2.5000000e+03	   2.5000000e+03	   2.5000000e+03	
   2.3800000e+03	   2.5000000e+03	   2.5000000e+03	   2.5000000e+03	   2.5000000e+03	   2.5000000e+03	   2.5000000e+03	   2.5000000e+03	   2.5000000e+03	   2.5000000e+03	   2.5000000e+03	   2.5000000e+03	   2.5000000e+03	   2.5000000e+03	   2.5000000e+03	   2.5000000e+03	   2.5000000e+03	   2.5000000e+03	   2.5000000e+03	   2.5000000e+03	
   2.3830000e+03	   2.5000000e+03	   2.5000000e+03	   2.5000000e+03	   2.5000000e+03	   2.5000000e+03	   2.5000000e+03	   2.5000000e+03	   2.5000000e+03	   2.5000000e+03	   2.5000000e+03	   2.5000000e+03	   2.5000000e+03	   2.5000000e+03	   2.5000000e+03	   2.5000000e+03	   2.5000000e+03	   2.5000000e+03	   2.5000000e+03	   2.5000000e+03	
   2.3850000e+03	   2.5000000e+03	   2.5000000e+03	   2.5000000e+03	   2.5000000e+03	   2.5000000e+03	   2.5000000e+03	   2.5000000e+03	   2.5000000e+03	   2.5000000e+03	   2.5000000e+03	   2.5000000e+03	   2.5000000e+03	   2.5000000e+03	   2.5000000e+03	   2.5000000e+03	   2.5000000e+03	   2.5000000e+03	   2.5000000e+03	   2.5000000e+03	
   2.3880000e+03	   2.5000000e+03	   2.5000000e+03	   2.5000000e+03	   2.5000000e+03	   2.5000000e+03	   2.5000000e+03	   2.5000000e+03	   2.5000000e+03	   2.5000000e+03	   2.5000000e+03	   2.5000000e+03	   2.5000000e+03	   2.5000000e+03	   2.5000000e+03	   2.5000000e+03	   2.5000000e+03	   2.5000000e+03	   2.5000000e+03	   2.5000000e+03	
   2.3900000e+03	   2.5000000e+03	   2.5000000e+03	   2.5000000e+03	   2.5000000e+03	   2.5000000e+03	   2.5000000e+03	   2.5000000e+03	   2.5000000e+03	   2.5000000e+03	   2.5000000e+03	   2.5000000e+03	   2.5000000e+03	   2.5000000e+03	   2.5000000e+03	   2.5000000e+03	   2.5000000e+03	   2.5000000e+03	   2.5000000e+03	   2.5000000e+03	
   2.3930000e+03	   2.5000000e+03	   2.5000000e+03	   2.5000000e+03	   2.5000000e+03	   2.5000000e+03	   2.5000000e+03	   2.5000000e+03	   2.5000000e+03	   2.5000000e+03	   2.5000000e+03	   2.5000000e+03	   2.5000000e+03	   2.5000000e+03	   2.5000000e+03	   2.5000000e+03	   2.5000000e+03	   2.5000000e+03	   2.5000000e+03	   2.5000000e+03	
   2.3950000e+03	   2.5000000e+03	   2.5000000e+03	   2.5000000e+03	   2.5000000e+03	   2.5000000e+03	   2.5000000e+03	   2.5000000e+03	   2.5000000e+03	   2.5000000e+03	   2.5000000e+03	   2.5000000e+03	   2.5000000e+03	   2.5000000e+03	   2.5000000e+03	   2.5000000e+03	   2.5000000e+03	   2.5000000e+03	   2.5000000e+03	   2.5000000e+03	
   2.3980000e+03	   2.5000000e+03	   2.5000000e+03	   2.5000000e+03	   2.5000000e+03	   2.5000000e+03	   2.5000000e+03	   2.5000000e+03	   2.5000000e+03	   2.5000000e+03	   2.5000000e+03	   2.5000000e+03	   2.5000000e+03	   2.5000000e+03	   2.5000000e+03	   2.5000000e+03	   2.5000000e+03	   2.5000000e+03	   2.5000000e+03	   2.5000000e+03	
