0.192551
0.193297
0.212781
0.330255
0.759327
0.800270
0.850234
0.872987
0.910147
0.931788
0.942965
0.967769
0.971824
0.972909
0.963156
0.964628
0.961767
0.965590
0.968916
0.967576
0.954896
0.957724
0.953678
0.958566
0.973591
0.977018
0.961981
0.969774
0.972340
0.974783
0.971009
0.976520
0.973820
0.966472
0.974021
1.000000
0.970379
0.979094
0.972371
0.979938
0.963098
0.959332
0.959865
0.951715
0.960102
0.950640
0.942787
0.941688
0.944342
0.943891
0.933997
0.930456
0.919234
0.889364
0.860033
0.828308
0.790474
0.749211
0.605192
0.179360
0.194379
